main1 10:
8.880241e-03
1.111684e-02
8.331929e-03
8.510098e-03
9.417859e-03
8.891523e-03
8.223997e-03
8.352782e-03
8.742135e-03
8.946325e-03
9.976041e-03
9.034458e-03
9.253914e-03
8.994432e-03
8.065764e-03
8.493318e-03
9.481296e-03
1.010664e-02
8.268526e-03
9.044537e-03
9.015196e-03
8.938508e-03
8.294031e-03
8.633719e-03
8.650133e-03
9.761075e-03
8.652243e-03
8.284959e-03
8.536717e-03
8.977356e-03
1.025568e-02
8.316773e-03
8.253735e-03
8.072820e-03
9.121273e-03
8.798185e-03
8.991942e-03
9.332783e-03
9.493705e-03
8.564331e-03
9.143997e-03
8.476070e-03
8.872098e-03
9.142468e-03
8.638487e-03
8.216043e-03
8.661135e-03
8.524242e-03
8.498040e-03
8.158483e-03
9.043036e-03
8.982656e-03
1.108239e-02
8.028431e-03
8.600532e-03
8.746498e-03
8.809577e-03
8.099339e-03
9.454792e-03
8.806715e-03
8.728715e-03
9.388783e-03
9.742284e-03
9.235647e-03
9.121308e-03
8.593698e-03
8.952034e-03
8.935620e-03
8.202408e-03
8.787578e-03
8.568251e-03
9.009670e-03
8.067924e-03
8.655334e-03
9.297747e-03
8.936737e-03
8.560934e-03
8.647157e-03
8.243030e-03
8.883645e-03
8.502895e-03
8.699438e-03
9.304100e-03
9.178699e-03
8.176641e-03
8.791935e-03
9.054697e-03
8.951240e-03
8.774562e-03
8.939741e-03
9.206002e-03
8.837916e-03
8.101456e-03
9.242466e-03
8.519545e-03
9.173937e-03
8.066895e-03
8.573358e-03
9.404589e-03
9.080466e-03
main2: 10

4.390848e-04
5.628445e-04
1.018921e-03
7.086899e-04
7.116165e-04
6.705730e-04
7.099874e-04
7.737339e-04
7.329788e-04
7.430801e-04
7.841878e-04
7.882171e-04
6.671693e-04
4.967551e-04
6.345582e-04
6.862671e-04
1.391623e-03
6.573377e-04
7.546771e-04
5.051858e-04
9.493599e-04
8.233254e-04
4.997005e-04
6.599441e-04
5.791259e-04
8.995967e-04
7.017400e-04
5.895059e-04
6.365945e-04
8.237059e-04
6.456599e-04
8.159356e-04
6.197431e-04
6.051977e-04
7.008319e-04
7.601223e-04
6.352232e-04
5.751569e-04
5.177174e-04
6.724699e-04
6.585164e-04
6.393707e-04
5.716774e-04
1.011130e-03
5.708075e-04
8.002427e-04
6.675503e-04
5.491805e-04
7.942576e-04
7.722418e-04
5.301979e-04
7.045856e-04
1.486993e-03
7.414181e-04
5.457790e-04
5.572789e-04
7.032421e-04
5.780339e-04
6.173217e-04
8.083496e-04
6.476071e-04
7.470062e-04
8.183191e-04
7.425206e-04
7.153876e-04
8.136871e-04
6.413310e-04
5.476251e-04
7.321939e-04
5.866389e-04
1.014205e-03
6.209598e-04
7.733741e-04
5.422235e-04
7.739055e-04
6.391609e-04
5.242994e-04
7.374697e-04
5.225847e-04
9.298093e-04
5.962930e-04
8.294652e-04
6.613371e-04
7.076213e-04
5.081978e-04
6.276705e-04
7.143774e-04
7.063031e-04
1.026619e-03
6.894264e-04
7.253613e-04
8.831441e-04
9.187171e-04
6.658711e-04
6.368771e-04
6.485975e-04
6.816697e-04
7.136765e-04
7.327180e-04
7.008138e-04

main3 10:

4.015807e-03
4.912184e-03
4.507224e-03
4.628477e-03
4.439268e-03
4.505942e-03
4.493953e-03
4.536067e-03
4.752670e-03
4.428183e-03
4.586333e-03
4.536783e-03
4.387109e-03
4.680854e-03
4.497981e-03
4.477618e-03
4.377354e-03
4.526459e-03
4.834135e-03
4.524809e-03
4.420301e-03
4.513010e-03
4.676146e-03
4.706964e-03
4.385547e-03
4.503575e-03
4.659029e-03
4.654650e-03
4.312197e-03
4.766056e-03
4.534712e-03
4.561352e-03
4.359006e-03
4.556607e-03
5.051831e-03
4.279754e-03
4.660643e-03
4.574438e-03
4.627731e-03
4.512886e-03
4.602717e-03
4.578539e-03
4.677482e-03
4.450693e-03
4.786889e-03
4.351989e-03
4.558872e-03
4.387146e-03
4.629796e-03
4.282242e-03
4.600585e-03
4.736371e-03
4.804538e-03
4.613685e-03
4.398487e-03
4.590723e-03
4.147189e-03
4.528388e-03
4.623159e-03
4.955664e-03
4.479645e-03
4.366929e-03
4.494179e-03
4.833335e-03
4.614817e-03
4.373771e-03
4.752843e-03
4.722139e-03
4.642863e-03
4.604358e-03
4.670784e-03
4.680751e-03
4.594768e-03
4.452171e-03
4.609161e-03
4.624829e-03
4.531930e-03
4.592213e-03
4.502201e-03
4.538697e-03
4.739367e-03
4.685733e-03
4.952413e-03
4.671860e-03
4.497326e-03
4.478593e-03
4.334845e-03
4.693171e-03
4.622512e-03
4.625905e-03
4.439134e-03
4.399168e-03
4.620600e-03
4.729085e-03
4.588684e-03
4.386545e-03
4.686853e-03
4.695186e-03
4.670509e-03
4.627044e-03

main4 10:
3.454418e-04
3.671625e-04
4.234426e-04
4.778526e-04
6.799133e-04
4.380240e-04
3.211632e-04
4.360363e-04
4.105909e-04
3.800402e-04
4.844697e-04
4.170361e-04
3.545136e-04
4.508038e-04
4.428062e-04
3.854308e-04
4.466543e-04
3.850317e-04
4.066107e-04
3.306479e-04
4.815490e-04
4.207921e-04
6.739483e-04
3.455288e-04
3.341920e-04
4.297943e-04
3.559451e-04
5.427837e-04
5.050457e-04
3.725321e-04
4.924150e-04
4.025648e-04
6.567390e-04
3.191016e-04
4.885375e-04
4.001298e-04
3.802016e-04
3.391371e-04
3.553729e-04
2.977848e-04
3.813021e-04
4.365964e-04
3.173721e-04
3.579435e-04
4.073656e-04
5.317891e-04
3.470638e-04
5.052965e-04
3.454366e-04
4.336112e-04
3.451464e-04
4.576743e-04
3.510270e-04
4.395766e-04
5.119166e-04
3.207116e-04
3.851969e-04
4.197898e-04
3.602519e-04
9.088283e-04
4.153171e-04
4.477618e-04
3.821328e-04
3.492880e-04
3.723307e-04
3.268332e-04
3.562396e-04
3.694565e-04
4.522862e-04
3.122830e-04
3.329070e-04
4.093666e-04
5.464880e-04
3.928514e-04
4.118404e-04
4.096003e-04
3.670022e-04
3.200624e-04
3.348961e-04
3.588481e-04
4.305556e-04
4.176631e-04
3.742158e-04
3.539746e-04
5.546114e-04
4.516723e-04
3.570611e-04
4.170218e-04
3.470614e-04
2.978678e-04
3.468664e-04
3.508852e-04
3.535724e-04
3.155262e-04
4.556947e-04
4.811044e-04
3.544955e-04
4.109437e-04
3.456728e-04
4.461834e-04
