6.412077e-02
6.701207e-02
6.314707e-02
6.506205e-02
6.367779e-02
6.587791e-02
6.031799e-02
6.777906e-02
6.300402e-02
6.685209e-02
6.673980e-02
6.462288e-02
6.081319e-02
6.539083e-02
6.571198e-02
6.478405e-02
6.693006e-02
6.526589e-02
6.357908e-02
6.716490e-02
6.631517e-02
6.734514e-02
6.468701e-02
6.352496e-02
6.535006e-02
6.301498e-02
6.271505e-02
6.473684e-02
6.304407e-02
6.154609e-02
6.298590e-02
6.374693e-02
6.434417e-02
6.734681e-02
6.236601e-02
6.282401e-02
6.614709e-02
6.327820e-02
5.722594e-02
6.476998e-02
6.544304e-02
6.010008e-02
6.490207e-02
7.721591e-02
6.822205e-02
6.782913e-02
6.112409e-02
5.622911e-02
6.540704e-02
6.857419e-02
6.284118e-02
5.931497e-02
6.450796e-02
6.475711e-02
6.613493e-02
5.871010e-02
5.933213e-02
6.663895e-02
6.726217e-02
6.657386e-02
6.348491e-02
6.675696e-02
6.112289e-02
6.662893e-02
6.601119e-02
6.598496e-02
5.993414e-02
6.676292e-02
6.702304e-02
6.649685e-02
6.508017e-02
6.568003e-02
6.514907e-02
6.606293e-02
6.527305e-02
6.671214e-02
6.565499e-02
6.162000e-02
7.128096e-02
6.334996e-02
6.553507e-02
6.151295e-02
6.692791e-02
6.570196e-02
6.836390e-02
6.513000e-02
6.658196e-02
6.648493e-02
6.673503e-02
6.567407e-02
6.652880e-02
6.489801e-02
5.802083e-02
6.615114e-02
6.554818e-02
6.653285e-02
5.791306e-02
6.694984e-02
5.947113e-02
6.699705e-02
