1.361299e-02
1.362085e-02
1.227903e-02
1.277709e-02
1.277590e-02
1.488900e-02
1.287007e-02
1.569510e-02
1.562500e-02
1.605392e-02
1.470113e-02
1.470804e-02
1.522303e-02
1.596284e-02
1.508498e-02
1.396084e-02
1.664591e-02
1.602817e-02
1.468921e-02
1.526022e-02
1.561093e-02
1.540208e-02
1.403403e-02
1.436377e-02
1.511407e-02
1.473308e-02
1.471806e-02
1.411414e-02
1.542997e-02
1.605511e-02
1.479697e-02
1.357603e-02
1.395416e-02
1.423883e-02
1.414514e-02
1.435995e-02
1.494408e-02
1.550794e-02
1.551294e-02
1.438308e-02
1.624703e-02
1.575208e-02
1.402187e-02
1.482892e-02
1.424193e-02
1.403904e-02
1.524615e-02
1.549292e-02
1.520109e-02
1.537204e-02
1.618910e-02
1.532006e-02
1.624513e-02
1.535296e-02
1.532102e-02
1.513600e-02
1.574016e-02
1.308799e-02
1.346898e-02
1.316309e-02
1.362395e-02
1.394296e-02
1.471019e-02
1.508594e-02
1.472092e-02
1.590300e-02
1.347113e-02
1.577306e-02
1.464105e-02
1.599383e-02
1.593900e-02
1.384306e-02
1.519799e-02
1.529098e-02
1.455212e-02
1.593685e-02
1.560092e-02
1.598120e-02
1.924300e-02
1.464701e-02
1.530290e-02
1.631308e-02
1.510096e-02
1.389289e-02
1.614285e-02
1.573682e-02
1.330400e-02
1.560402e-02
1.589894e-02
1.595092e-02
1.522803e-02
1.746583e-02
1.618910e-02
1.470017e-02
1.626396e-02
1.448202e-02
1.624084e-02
1.561403e-02
1.588702e-02
1.638293e-02
