1.296530e-01
1.318860e-01
1.302650e-01
1.298571e-01
1.297050e-01
1.203752e-01
1.514721e-01
1.323578e-01
1.334560e-01
1.312211e-01
1.306601e-01
1.304219e-01
1.283259e-01
1.361711e-01
1.252990e-01
1.323462e-01
1.291299e-01
1.302228e-01
1.326540e-01
1.452301e-01
1.450851e-01
1.360168e-01
1.404700e-01
1.392670e-01
1.437619e-01
1.447771e-01
1.461501e-01
1.442299e-01
1.405129e-01
1.380200e-01
1.410539e-01
1.489849e-01
1.447620e-01
1.365321e-01
1.409361e-01
1.341610e-01
1.347959e-01
1.379280e-01
1.365540e-01
1.374950e-01
1.232920e-01
1.267750e-01
1.272571e-01
1.276631e-01
1.268919e-01
1.262760e-01
1.267550e-01
1.279788e-01
1.287510e-01
1.289809e-01
1.275291e-01
1.274190e-01
1.283631e-01
1.327319e-01
1.232750e-01
1.291120e-01
1.265249e-01
1.256950e-01
1.281011e-01
1.276739e-01
1.287131e-01
1.294911e-01
1.313779e-01
1.313031e-01
1.279120e-01
1.279650e-01
1.266229e-01
1.268148e-01
1.276469e-01
1.018279e-01
1.317139e-01
1.188099e-01
1.269300e-01
1.247761e-01
1.256680e-01
1.298320e-01
1.305099e-01
1.243062e-01
1.278760e-01
1.240149e-01
1.291602e-01
1.276271e-01
1.288579e-01
1.256630e-01
1.279850e-01
1.270258e-01
1.271031e-01
1.297319e-01
1.267941e-01
1.218159e-01
1.263590e-01
1.213310e-01
1.249590e-01
1.272469e-01
1.264989e-01
1.237350e-01
1.237600e-01
1.402750e-01
1.325150e-01
1.368051e-01
