1.918101e-02
1.752591e-02
1.651883e-02
1.503897e-02
1.430202e-02
1.419497e-02
1.459193e-02
1.412010e-02
1.479316e-02
1.566100e-02
1.493001e-02
1.473808e-02
1.440811e-02
1.407886e-02
1.504397e-02
1.442289e-02
1.454687e-02
1.469994e-02
1.568103e-02
1.560211e-02
1.747489e-02
1.418805e-02
1.494384e-02
1.660705e-02
1.647997e-02
1.695180e-02
1.551104e-02
1.608515e-02
1.659799e-02
1.614094e-02
1.681209e-02
1.707292e-02
1.502490e-02
1.703691e-02
1.609993e-02
1.549816e-02
1.461506e-02
1.590014e-02
1.424599e-02
1.623201e-02
1.426816e-02
1.491022e-02
1.671910e-02
1.410413e-02
1.597500e-02
1.491404e-02
1.707602e-02
1.661396e-02
1.538301e-02
1.404119e-02
1.499701e-02
1.438498e-02
1.642585e-02
1.431680e-02
1.582098e-02
1.505113e-02
1.411819e-02
1.451802e-02
1.697397e-02
1.695490e-02
1.602101e-02
1.557708e-02
1.558018e-02
1.659608e-02
1.752806e-02
1.854396e-02
1.964307e-02
1.642203e-02
1.754689e-02
1.570821e-02
1.686215e-02
1.624703e-02
1.680493e-02
1.755500e-02
1.577091e-02
1.680994e-02
1.719809e-02
1.666903e-02
1.687694e-02
1.710105e-02
1.668000e-02
1.558590e-02
1.724315e-02
1.741695e-02
1.502514e-02
1.639605e-02
1.508617e-02
1.666617e-02
1.702189e-02
1.657510e-02
1.612496e-02
2.051878e-02
1.628089e-02
1.665497e-02
1.754403e-02
1.690388e-02
1.675606e-02
1.490998e-02
1.572895e-02
1.720285e-02
