9.872913e-03
9.829044e-03
1.095295e-02
9.927034e-03
9.500027e-03
9.564877e-03
9.299994e-03
9.554148e-03
8.871078e-03
9.613991e-03
9.186029e-03
9.088993e-03
9.361982e-03
8.922100e-03
8.939981e-03
8.821011e-03
9.002924e-03
8.853912e-03
9.356022e-03
8.752108e-03
8.280993e-03
9.462118e-03
9.011030e-03
9.096861e-03
9.286880e-03
9.006023e-03
9.299994e-03
8.439064e-03
9.469986e-03
9.126902e-03
8.710146e-03
9.453058e-03
8.960009e-03
9.332895e-03
8.850813e-03
8.996964e-03
9.227991e-03
9.570122e-03
1.019788e-02
1.085496e-02
1.003194e-02
1.080704e-02
9.783030e-03
9.650946e-03
9.454966e-03
9.382010e-03
1.007009e-02
6.953001e-03
1.014614e-02
9.556055e-03
8.124113e-03
1.002789e-02
9.742975e-03
7.538080e-03
9.450912e-03
9.734869e-03
7.441998e-03
1.005602e-02
1.041412e-02
7.658005e-03
9.098053e-03
9.800911e-03
7.642984e-03
9.433985e-03
9.666920e-03
8.106947e-03
9.752035e-03
9.489059e-03
7.347107e-03
1.350594e-02
9.788990e-03
7.563114e-03
7.680893e-03
9.267807e-03
9.489059e-03
1.019096e-02
9.471178e-03
9.891033e-03
8.144855e-03
9.135008e-03
9.721994e-03
7.513046e-03
9.275198e-03
9.642124e-03
9.857893e-03
7.483006e-03
9.905815e-03
1.043606e-02
9.493113e-03
9.239912e-03
6.772995e-03
7.559061e-03
9.747028e-03
7.707834e-03
1.029587e-02
9.767056e-03
7.305145e-03
1.018596e-02
1.016903e-02
8.136988e-03
