6.440616e-02
6.360602e-02
6.616497e-02
6.447601e-02
6.530690e-02
6.451511e-02
6.712794e-02
6.529999e-02
7.086205e-02
7.403779e-02
7.231879e-02
7.008100e-02
6.948900e-02
6.252384e-02
6.521893e-02
6.404185e-02
6.180811e-02
5.661392e-02
6.693006e-02
6.459093e-02
5.835509e-02
6.349611e-02
6.528401e-02
6.399894e-02
5.648303e-02
5.314994e-02
5.708313e-02
6.100512e-02
5.368900e-02
5.676103e-02
5.250692e-02
5.371404e-02
5.065703e-02
6.498599e-02
5.219698e-02
5.203199e-02
6.424809e-02
5.371499e-02
6.556201e-02
5.734801e-02
5.925202e-02
5.761504e-02
5.058193e-02
6.026888e-02
6.086493e-02
6.218386e-02
6.028104e-02
6.068301e-02
5.319500e-02
7.051301e-02
6.162095e-02
6.132197e-02
6.476521e-02
5.907583e-02
6.270909e-02
6.423807e-02
5.507112e-02
5.466795e-02
6.034398e-02
5.124998e-02
6.363082e-02
5.397391e-02
7.095194e-02
6.492400e-02
6.075311e-02
6.312513e-02
6.403708e-02
6.341791e-02
6.065011e-02
5.379701e-02
6.452513e-02
6.598806e-02
5.938005e-02
5.664587e-02
6.557608e-02
5.500197e-02
6.980491e-02
6.574416e-02
5.433798e-02
6.147289e-02
6.704998e-02
5.753994e-02
6.686187e-02
6.604004e-02
5.380607e-02
5.713606e-02
6.369495e-02
5.432081e-02
5.799508e-02
5.321097e-02
5.189395e-02
5.194306e-02
5.418015e-02
5.517411e-02
5.205178e-02
5.772591e-02
5.143189e-02
5.538702e-02
5.502486e-02
5.436993e-02
