1.000519e-01
9.853315e-02
9.841299e-02
9.827399e-02
9.938812e-02
9.533596e-02
1.124039e-01
9.658790e-02
1.281550e-01
1.097579e-01
9.940600e-02
9.892201e-02
9.626985e-02
1.003139e-01
1.019490e-01
9.944105e-02
1.075258e-01
1.004069e-01
9.634399e-02
1.068919e-01
1.008070e-01
1.013358e-01
1.011779e-01
1.011682e-01
1.067772e-01
1.065569e-01
9.871316e-02
1.064270e-01
1.001110e-01
1.016169e-01
1.107352e-01
1.002219e-01
9.978199e-02
1.101811e-01
1.130440e-01
1.091099e-01
1.107211e-01
1.092811e-01
1.099651e-01
1.048741e-01
9.811592e-02
9.850597e-02
9.691095e-02
9.863615e-02
1.007869e-01
9.657693e-02
1.033309e-01
1.031439e-01
1.063910e-01
1.043670e-01
1.239789e-01
1.067231e-01
1.120100e-01
1.047339e-01
1.130731e-01
1.340380e-01
1.208591e-01
1.170211e-01
1.122029e-01
1.193628e-01
1.226299e-01
1.264122e-01
1.283760e-01
1.294940e-01
1.283400e-01
1.330421e-01
1.313930e-01
1.357839e-01
1.310520e-01
1.307890e-01
1.311049e-01
1.367822e-01
1.222148e-01
1.327980e-01
1.329789e-01
1.338429e-01
1.343410e-01
1.266420e-01
1.406789e-01
1.462271e-01
1.445661e-01
1.434541e-01
1.420991e-01
1.420720e-01
1.419969e-01
1.420691e-01
1.458340e-01
1.464229e-01
1.428821e-01
1.416800e-01
1.479101e-01
1.504931e-01
1.467011e-01
1.404750e-01
1.438110e-01
1.465089e-01
1.438689e-01
1.442320e-01
1.530330e-01
1.505179e-01
