6.768298e-02
6.396890e-02
6.459713e-02
6.566310e-02
6.232691e-02
6.595802e-02
6.431079e-02
6.345105e-02
6.465197e-02
5.963898e-02
6.566095e-02
6.532192e-02
5.906391e-02
5.731106e-02
6.570315e-02
6.300712e-02
5.748200e-02
6.534505e-02
6.431699e-02
6.345320e-02
5.796981e-02
5.394316e-02
6.360197e-02
6.309485e-02
6.676698e-02
6.356621e-02
5.507088e-02
6.470203e-02
5.360103e-02
5.368304e-02
5.494595e-02
5.345798e-02
5.623102e-02
5.136085e-02
5.266786e-02
5.035806e-02
5.182385e-02
5.613303e-02
5.265999e-02
5.346990e-02
5.130291e-02
6.274199e-02
4.858685e-02
5.396700e-02
5.685019e-02
5.626011e-02
5.299687e-02
5.082393e-02
5.212402e-02
5.458307e-02
5.266809e-02
5.287600e-02
5.500913e-02
5.311108e-02
6.613684e-02
6.513715e-02
5.967402e-02
6.686997e-02
6.451106e-02
6.000996e-02
6.067896e-02
5.344486e-02
5.329394e-02
5.228901e-02
5.604696e-02
5.420899e-02
6.068802e-02
5.343986e-02
5.322695e-02
5.448699e-02
5.602503e-02
5.525613e-02
5.188799e-02
5.321193e-02
5.304003e-02
5.211592e-02
5.147314e-02
5.361319e-02
5.441213e-02
5.061889e-02
4.998207e-02
5.069709e-02
5.517101e-02
5.444407e-02
5.312300e-02
5.279803e-02
5.178690e-02
5.342698e-02
5.328798e-02
5.050707e-02
5.404115e-02
5.272102e-02
5.192709e-02
5.427814e-02
5.528784e-02
5.610895e-02
6.308794e-02
6.504798e-02
5.472302e-02
5.368304e-02
