8.713961e-03
7.765055e-03
8.117199e-03
8.261919e-03
7.995129e-03
9.369135e-03
9.189129e-03
7.845879e-03
8.129120e-03
7.622957e-03
7.923126e-03
7.950068e-03
8.465052e-03
7.629871e-03
1.019311e-02
1.096201e-02
1.155400e-02
6.418943e-03
1.056194e-02
1.066899e-02
1.079607e-02
1.067305e-02
1.025701e-02
1.109290e-02
1.074409e-02
9.729862e-03
9.232044e-03
1.054001e-02
1.056790e-02
1.091194e-02
9.599924e-03
9.712934e-03
1.084304e-02
9.270191e-03
1.474285e-02
1.075101e-02
9.073019e-03
8.809805e-03
1.156902e-02
9.382010e-03
1.007390e-02
9.680033e-03
1.012993e-02
1.107407e-02
9.295940e-03
7.576227e-03
9.201050e-03
9.419918e-03
9.114981e-03
8.674860e-03
9.373903e-03
9.018898e-03
8.411884e-03
8.753061e-03
9.320021e-03
8.281946e-03
9.122849e-03
8.762121e-03
7.560015e-03
9.267092e-03
8.985996e-03
8.699894e-03
9.072065e-03
8.857965e-03
9.109974e-03
9.174109e-03
8.759022e-03
8.812904e-03
8.746147e-03
9.516001e-03
9.024858e-03
8.372068e-03
9.822130e-03
9.368896e-03
9.665012e-03
9.978056e-03
1.046896e-02
1.052094e-02
1.023793e-02
1.049209e-02
1.050615e-02
1.016998e-02
6.623983e-03
8.348942e-03
1.047802e-02
6.551981e-03
8.100033e-03
9.395838e-03
8.028984e-03
8.497953e-03
1.014400e-02
9.994984e-03
8.331060e-03
8.640051e-03
1.043200e-02
9.135008e-03
8.460999e-03
1.036596e-02
6.531954e-03
8.187056e-03
