7.068491e-02
6.723690e-02
6.421399e-02
5.907488e-02
6.472301e-02
6.556392e-02
7.005787e-02
6.816006e-02
6.726909e-02
6.926298e-02
6.535196e-02
6.960487e-02
7.022905e-02
6.842303e-02
6.866288e-02
6.851792e-02
6.911206e-02
6.678796e-02
6.935215e-02
6.976080e-02
6.916904e-02
6.860209e-02
6.692600e-02
6.825280e-02
6.934810e-02
6.644988e-02
7.186389e-02
5.909991e-02
6.604910e-02
7.128096e-02
6.097293e-02
6.361294e-02
5.908513e-02
7.057691e-02
5.534101e-02
6.970811e-02
7.094717e-02
5.332303e-02
8.328795e-02
5.467296e-02
6.074095e-02
7.060504e-02
8.037615e-02
6.827402e-02
6.710911e-02
7.065296e-02
7.052994e-02
6.820703e-02
6.217289e-02
7.508993e-02
6.688213e-02
6.872582e-02
6.983209e-02
6.742978e-02
6.411600e-02
6.135511e-02
6.652808e-02
5.217195e-02
6.876493e-02
5.440807e-02
6.711006e-02
5.350900e-02
6.007314e-02
5.719209e-02
6.746197e-02
5.568695e-02
6.911993e-02
6.224394e-02
6.842804e-02
5.966806e-02
6.860495e-02
5.602002e-02
6.486201e-02
5.567598e-02
6.856894e-02
5.783701e-02
6.532097e-02
5.577302e-02
6.731200e-02
5.638313e-02
6.828499e-02
6.677818e-02
6.299090e-02
5.914402e-02
6.864285e-02
5.641294e-02
6.833410e-02
6.456208e-02
6.428504e-02
6.102705e-02
5.874705e-02
5.975103e-02
5.874991e-02
5.718088e-02
6.936598e-02
6.931114e-02
6.748104e-02
6.842089e-02
6.588602e-02
6.955290e-02
