8.520842e-03
8.507013e-03
8.574963e-03
7.184029e-03
7.993937e-03
7.187843e-03
6.799936e-03
6.599903e-03
7.251024e-03
6.966114e-03
6.747007e-03
6.978989e-03
7.344007e-03
6.965160e-03
6.760120e-03
7.592916e-03
6.530046e-03
6.568909e-03
7.183075e-03
7.417917e-03
7.496834e-03
6.836891e-03
7.256985e-03
7.077932e-03
7.107019e-03
7.588148e-03
6.579876e-03
6.438017e-03
7.375002e-03
7.263184e-03
7.292986e-03
6.884098e-03
7.206917e-03
6.453037e-03
6.983995e-03
6.531000e-03
7.351160e-03
7.238865e-03
7.465839e-03
7.116079e-03
7.690907e-03
6.253004e-03
7.482052e-03
7.139921e-03
8.397102e-03
7.238865e-03
7.327795e-03
6.866932e-03
7.611036e-03
7.573128e-03
6.546974e-03
7.462025e-03
7.642031e-03
7.555962e-03
7.004976e-03
7.624865e-03
7.245064e-03
6.956100e-03
6.332159e-03
6.179810e-03
6.977081e-03
7.139921e-03
6.641150e-03
7.749081e-03
6.252050e-03
8.240938e-03
8.660078e-03
9.032965e-03
9.040833e-03
7.035017e-03
8.449793e-03
7.441044e-03
7.091045e-03
7.845163e-03
7.424116e-03
7.764101e-03
8.582830e-03
7.983923e-03
8.591175e-03
8.059978e-03
8.221865e-03
7.781029e-03
8.320808e-03
8.228064e-03
8.215904e-03
8.537054e-03
8.144140e-03
8.456945e-03
7.709026e-03
8.540869e-03
8.234024e-03
7.585049e-03
8.323193e-03
8.278847e-03
8.460999e-03
8.454800e-03
7.742167e-03
8.107901e-03
8.018970e-03
8.280039e-03
