1.173439e-01
1.130989e-01
1.271160e-01
1.186299e-01
1.330950e-01
1.036029e-01
1.487169e-01
1.286640e-01
1.323340e-01
1.327350e-01
1.320291e-01
1.312530e-01
1.299779e-01
1.330271e-01
1.336432e-01
1.290860e-01
1.290689e-01
1.350160e-01
1.081240e-01
1.296589e-01
1.280332e-01
1.301548e-01
1.315591e-01
1.310999e-01
1.318691e-01
1.265502e-01
1.305108e-01
1.308689e-01
1.297371e-01
1.351049e-01
1.249189e-01
1.266980e-01
1.256249e-01
1.294160e-01
1.303899e-01
1.274180e-01
1.011009e-01
1.258700e-01
1.279159e-01
1.263268e-01
1.250851e-01
1.263189e-01
1.240969e-01
1.265471e-01
1.277528e-01
1.285839e-01
1.280971e-01
1.255779e-01
1.249330e-01
1.257801e-01
1.267550e-01
1.270440e-01
1.254802e-01
1.253030e-01
1.245899e-01
1.262379e-01
1.265690e-01
1.307309e-01
1.235399e-01
1.278491e-01
1.236801e-01
1.002681e-01
9.836483e-02
9.911799e-02
9.945107e-02
9.738207e-02
8.990407e-02
9.513497e-02
9.229708e-02
1.130400e-01
1.292789e-01
1.117241e-01
1.050589e-01
1.018031e-01
9.311914e-02
1.055140e-01
1.095798e-01
1.072230e-01
1.090071e-01
1.052461e-01
1.045480e-01
9.822607e-02
1.093788e-01
1.007740e-01
1.089721e-01
1.044390e-01
8.730817e-02
8.718395e-02
9.314799e-02
9.445500e-02
9.457994e-02
9.313297e-02
9.672117e-02
9.665203e-02
9.662509e-02
9.363699e-02
1.021202e-01
9.712410e-02
9.781098e-02
1.018822e-01
