1.046469e-01
1.243150e-01
1.272051e-01
1.051891e-01
1.292999e-01
1.286891e-01
1.380010e-01
1.327221e-01
1.324310e-01
1.346340e-01
1.323760e-01
1.296329e-01
1.267200e-01
1.411550e-01
1.316371e-01
1.329350e-01
1.099491e-01
1.341610e-01
1.309931e-01
1.305881e-01
1.325750e-01
1.328020e-01
1.327741e-01
1.357410e-01
1.288521e-01
1.347311e-01
1.326311e-01
1.274161e-01
1.255550e-01
1.265242e-01
1.264601e-01
1.428740e-01
1.459899e-01
1.445010e-01
1.468019e-01
1.442442e-01
1.471200e-01
1.470520e-01
1.514769e-01
1.166339e-01
1.264110e-01
1.079199e-01
1.207941e-01
1.187041e-01
1.354241e-01
1.325581e-01
1.351850e-01
1.377242e-01
1.400099e-01
1.520500e-01
1.430931e-01
1.515551e-01
1.476970e-01
1.448019e-01
1.460040e-01
1.439230e-01
1.463921e-01
1.443970e-01
1.468198e-01
1.448760e-01
1.433840e-01
1.531940e-01
1.468890e-01
1.409130e-01
1.410730e-01
1.436779e-01
1.449409e-01
1.342530e-01
1.443090e-01
1.441910e-01
1.459432e-01
1.452072e-01
1.431570e-01
1.456311e-01
1.440091e-01
1.523430e-01
1.451809e-01
1.448462e-01
1.420040e-01
1.416249e-01
1.485391e-01
1.563199e-01
1.422420e-01
1.443470e-01
1.429100e-01
1.420150e-01
1.491301e-01
1.455381e-01
1.443589e-01
1.443970e-01
1.417699e-01
1.454442e-01
1.464250e-01
1.440399e-01
1.475480e-01
1.434920e-01
1.423590e-01
1.445260e-01
1.434391e-01
1.434469e-01
