1.328931e-01
1.332421e-01
1.304269e-01
1.358070e-01
1.313319e-01
1.295099e-01
1.464930e-01
1.312950e-01
1.383350e-01
1.480570e-01
1.482582e-01
1.404200e-01
1.503570e-01
1.425149e-01
1.462870e-01
1.425180e-01
1.414819e-01
1.461880e-01
1.443949e-01
1.483068e-01
1.436870e-01
1.428950e-01
1.443689e-01
1.454761e-01
1.454339e-01
1.457419e-01
1.285641e-01
1.224749e-01
1.280160e-01
1.182749e-01
1.197391e-01
1.181302e-01
1.304781e-01
1.045170e-01
1.275010e-01
1.251700e-01
1.368959e-01
1.316988e-01
1.331661e-01
1.406970e-01
1.861598e-01
1.421850e-01
1.456580e-01
1.444790e-01
1.426399e-01
1.457481e-01
1.440468e-01
1.462150e-01
1.415839e-01
1.352420e-01
1.444399e-01
1.401160e-01
1.380570e-01
1.401370e-01
1.425519e-01
1.321552e-01
1.314261e-01
1.250689e-01
1.307330e-01
1.470332e-01
1.365151e-01
1.423540e-01
1.398571e-01
1.413660e-01
1.380539e-01
1.403320e-01
1.332412e-01
1.385860e-01
1.456170e-01
1.405239e-01
1.392980e-01
1.441882e-01
1.382010e-01
1.427219e-01
1.421530e-01
1.371212e-01
1.391361e-01
1.286650e-01
1.426899e-01
1.426060e-01
1.412430e-01
1.450920e-01
1.424830e-01
1.437979e-01
1.387339e-01
1.311419e-01
1.294150e-01
1.261182e-01
1.117470e-01
1.280041e-01
1.284952e-01
1.340790e-01
1.414690e-01
1.441338e-01
1.395500e-01
1.418600e-01
1.446640e-01
1.415970e-01
1.433671e-01
1.471820e-01
