7.304811e-02
7.391596e-02
7.188511e-02
7.421589e-02
7.082891e-02
7.709908e-02
7.400703e-02
7.265592e-02
7.356405e-02
6.952500e-02
7.725382e-02
7.723904e-02
7.648706e-02
7.534122e-02
7.947898e-02
7.500196e-02
8.271289e-02
7.211423e-02
7.330585e-02
7.268810e-02
7.294917e-02
7.319188e-02
7.367992e-02
7.640600e-02
7.542300e-02
7.590485e-02
7.542419e-02
7.368684e-02
7.053399e-02
6.842899e-02
6.763792e-02
5.637407e-02
6.655097e-02
6.605697e-02
6.612802e-02
6.660604e-02
6.601715e-02
6.808305e-02
6.365705e-02
6.809092e-02
7.062483e-02
7.347584e-02
6.747293e-02
6.859708e-02
6.924391e-02
6.967592e-02
6.765413e-02
6.777596e-02
6.782103e-02
6.574988e-02
6.855297e-02
6.872010e-02
6.914902e-02
6.785417e-02
6.238985e-02
6.677604e-02
6.801105e-02
6.752801e-02
6.836605e-02
6.720901e-02
6.742096e-02
6.859899e-02
6.538892e-02
7.144690e-02
6.900883e-02
6.888509e-02
6.967688e-02
6.790090e-02
6.711698e-02
6.940413e-02
7.138896e-02
7.720304e-02
7.533193e-02
7.546210e-02
8.238101e-02
7.011199e-02
6.739902e-02
6.973004e-02
6.683183e-02
6.817102e-02
6.861210e-02
6.736302e-02
6.745911e-02
6.955504e-02
6.814003e-02
7.214403e-02
6.756592e-02
6.722379e-02
6.658411e-02
6.990099e-02
6.909585e-02
7.038808e-02
7.050204e-02
6.903505e-02
6.875587e-02
6.849718e-02
6.771493e-02
6.808496e-02
7.067585e-02
6.797409e-02
