1.260779e-01
1.278620e-01
1.307690e-01
1.142251e-01
1.318650e-01
1.289570e-01
1.513431e-01
1.314270e-01
1.325271e-01
1.299651e-01
1.361449e-01
1.327410e-01
1.285350e-01
1.358168e-01
1.364350e-01
1.266949e-01
1.253641e-01
1.293571e-01
1.298499e-01
1.331758e-01
1.270990e-01
1.298931e-01
1.301010e-01
1.329849e-01
1.515539e-01
1.416769e-01
1.309500e-01
1.416059e-01
1.391721e-01
1.384020e-01
1.421711e-01
1.396110e-01
1.338530e-01
1.330600e-01
1.361170e-01
1.344979e-01
1.335399e-01
1.357131e-01
1.331060e-01
1.355941e-01
1.389139e-01
1.347868e-01
1.329281e-01
1.361570e-01
1.387951e-01
1.352348e-01
1.342950e-01
1.322231e-01
1.354158e-01
1.325052e-01
1.353352e-01
1.387241e-01
1.355600e-01
1.342471e-01
1.339722e-01
1.371460e-01
1.383052e-01
1.333590e-01
1.390982e-01
1.363730e-01
1.308398e-01
1.416962e-01
1.355979e-01
1.360431e-01
1.334391e-01
1.348481e-01
1.359549e-01
1.335359e-01
1.347489e-01
1.396739e-01
1.346362e-01
1.349339e-01
1.357691e-01
1.397541e-01
1.289670e-01
1.309700e-01
1.278529e-01
1.280282e-01
1.266940e-01
1.243551e-01
1.335349e-01
1.309001e-01
1.248491e-01
1.297910e-01
1.253970e-01
1.247652e-01
1.257620e-01
1.273041e-01
1.294029e-01
1.258662e-01
1.257660e-01
1.270010e-01
1.274679e-01
1.277030e-01
1.274190e-01
1.263659e-01
1.267040e-01
1.279731e-01
1.247959e-01
1.311071e-01
