2.034092e-02
1.828098e-02
2.062416e-02
1.896286e-02
1.884484e-02
1.784801e-02
1.940584e-02
1.789784e-02
1.726413e-02
1.991606e-02
1.949620e-02
2.050400e-02
1.865721e-02
1.612592e-02
1.850986e-02
2.022505e-02
1.781607e-02
1.924920e-02
1.652098e-02
2.068210e-02
1.896501e-02
1.647305e-02
2.086401e-02
1.648116e-02
1.915812e-02
1.668096e-02
1.508713e-02
1.821423e-02
1.916099e-02
1.977396e-02
1.968908e-02
1.856899e-02
1.882005e-02
1.925588e-02
1.484704e-02
2.046800e-02
1.647806e-02
1.832891e-02
1.750088e-02
1.738501e-02
1.757097e-02
1.618600e-02
1.523900e-02
1.636004e-02
1.513815e-02
1.488495e-02
1.547599e-02
1.617217e-02
2.099705e-02
1.636505e-02
1.898289e-02
1.885819e-02
1.965189e-02
1.867485e-02
1.482701e-02
1.848793e-02
2.096605e-02
1.881695e-02
1.980901e-02
1.920009e-02
1.976204e-02
1.897717e-02
2.410913e-02
2.130294e-02
1.571012e-02
1.552796e-02
1.513696e-02
1.449299e-02
1.520610e-02
1.537180e-02
1.729679e-02
1.899481e-02
1.579213e-02
1.894808e-02
1.872087e-02
1.939297e-02
1.903605e-02
1.859117e-02
1.978493e-02
1.861382e-02
1.970410e-02
2.052808e-02
2.022195e-02
1.688600e-02
2.034307e-02
1.758599e-02
2.356505e-02
2.051997e-02
2.030110e-02
1.834297e-02
1.674199e-02
1.677990e-02
1.853395e-02
1.669598e-02
1.908112e-02
2.032089e-02
1.960206e-02
1.887488e-02
1.882410e-02
1.942110e-02
