1.283884e-02
1.309395e-02
1.329303e-02
1.261497e-02
1.329517e-02
1.291704e-02
1.304913e-02
1.291203e-02
1.154494e-02
1.370502e-02
1.270604e-02
1.294494e-02
1.261115e-02
1.320505e-02
1.294804e-02
1.341009e-02
1.372099e-02
1.388097e-02
1.239109e-02
1.291609e-02
1.222610e-02
1.144814e-02
1.296806e-02
1.270413e-02
1.280093e-02
1.199579e-02
1.983404e-02
1.545000e-02
1.373601e-02
1.287293e-02
1.356316e-02
1.121211e-02
1.174593e-02
1.323295e-02
1.314092e-02
1.121902e-02
1.267290e-02
1.263499e-02
1.258111e-02
1.288009e-02
1.300883e-02
1.134300e-02
1.363492e-02
1.353407e-02
1.385903e-02
1.120186e-02
1.313210e-02
1.332498e-02
1.283717e-02
1.364303e-02
1.200891e-02
1.365209e-02
1.373291e-02
1.118612e-02
1.374507e-02
1.288104e-02
1.176500e-02
1.333404e-02
1.245499e-02
1.341200e-02
1.290512e-02
1.185012e-02
1.334810e-02
1.271820e-02
1.334596e-02
1.318002e-02
1.398396e-02
1.160407e-02
1.394987e-02
1.362514e-02
1.171589e-02
1.298904e-02
1.270390e-02
1.286697e-02
1.283789e-02
1.335311e-02
1.196909e-02
1.380205e-02
1.327515e-02
1.371193e-02
1.267600e-02
1.386595e-02
1.430202e-02
1.155901e-02
1.359415e-02
1.287794e-02
1.275921e-02
1.278210e-02
1.355696e-02
1.294088e-02
1.308894e-02
1.299405e-02
1.259708e-02
1.302505e-02
1.290917e-02
1.335812e-02
1.287794e-02
1.382709e-02
1.249909e-02
1.270700e-02
