1.234310e-01
1.296220e-01
1.288509e-01
1.231010e-01
1.163960e-01
1.093352e-01
1.115420e-01
1.183031e-01
1.148660e-01
1.112800e-01
1.252160e-01
1.216252e-01
1.166680e-01
1.131940e-01
1.328821e-01
1.299801e-01
1.276309e-01
1.298280e-01
1.284070e-01
1.286309e-01
1.294930e-01
1.157639e-01
1.303668e-01
1.356130e-01
1.313350e-01
1.455820e-01
1.386240e-01
1.385400e-01
1.430860e-01
1.444001e-01
1.574421e-01
1.409490e-01
1.434772e-01
1.430180e-01
1.441312e-01
1.420541e-01
1.408031e-01
1.405718e-01
1.410048e-01
1.425560e-01
1.395240e-01
1.455779e-01
1.424370e-01
1.445148e-01
1.432531e-01
1.410370e-01
1.404901e-01
1.399031e-01
1.406641e-01
1.421449e-01
1.416800e-01
1.407201e-01
1.431348e-01
1.443660e-01
1.406350e-01
1.413751e-01
1.409390e-01
1.411588e-01
1.426580e-01
1.410298e-01
1.450610e-01
1.408150e-01
1.306279e-01
1.272330e-01
1.321449e-01
1.323209e-01
1.322141e-01
1.314821e-01
1.312082e-01
1.277170e-01
1.312530e-01
1.287541e-01
1.297829e-01
1.262310e-01
1.283720e-01
1.282959e-01
1.257520e-01
1.276741e-01
1.294172e-01
1.267650e-01
1.323092e-01
1.268089e-01
1.252310e-01
1.284781e-01
1.265011e-01
1.292150e-01
1.279330e-01
1.290510e-01
1.274741e-01
1.254721e-01
1.264758e-01
1.270950e-01
1.353829e-01
1.289351e-01
1.380181e-01
1.304231e-01
1.343541e-01
1.317530e-01
1.379480e-01
1.323540e-01
