6.873798e-02
7.402706e-02
7.607293e-02
8.168221e-02
7.002115e-02
6.812501e-02
6.774902e-02
6.395388e-02
5.876803e-02
6.473207e-02
5.565596e-02
5.662203e-02
6.512880e-02
6.133699e-02
6.667590e-02
6.625104e-02
6.349301e-02
6.298995e-02
7.241392e-02
6.229305e-02
6.392193e-02
6.573987e-02
6.360102e-02
6.529522e-02
6.605101e-02
6.465411e-02
5.742598e-02
5.441594e-02
5.774307e-02
6.412601e-02
5.366898e-02
6.429911e-02
6.443000e-02
6.488609e-02
6.170702e-02
6.445503e-02
6.569695e-02
6.425595e-02
7.287002e-02
6.314802e-02
5.325317e-02
6.346512e-02
6.497788e-02
6.601191e-02
6.028891e-02
6.106210e-02
6.464505e-02
6.407690e-02
5.942893e-02
6.952906e-02
6.019282e-02
5.696917e-02
5.604100e-02
6.374502e-02
6.171703e-02
5.634999e-02
6.404710e-02
6.171489e-02
6.351399e-02
5.299187e-02
6.352592e-02
5.232882e-02
6.420612e-02
5.423307e-02
5.239105e-02
5.882692e-02
5.057287e-02
6.282520e-02
5.540895e-02
6.265211e-02
5.422616e-02
6.430292e-02
5.345678e-02
6.338596e-02
6.517601e-02
5.203605e-02
6.504321e-02
6.405592e-02
6.437492e-02
6.480098e-02
6.117511e-02
6.012702e-02
6.418896e-02
5.453300e-02
5.631518e-02
5.774283e-02
6.232119e-02
6.210303e-02
5.290794e-02
5.337691e-02
6.035089e-02
5.248308e-02
5.605221e-02
5.659604e-02
5.498719e-02
6.010890e-02
5.430198e-02
6.448483e-02
5.322003e-02
5.742192e-02
