1.614809e-02
1.633191e-02
1.597214e-02
1.508808e-02
1.597905e-02
1.439309e-02
1.548004e-02
1.713800e-02
1.582479e-02
1.612806e-02
1.636505e-02
1.476789e-02
1.694107e-02
1.686883e-02
1.776195e-02
1.973200e-02
1.926804e-02
1.831293e-02
1.894522e-02
1.980686e-02
1.989198e-02
1.945114e-02
1.964593e-02
1.848507e-02
1.742101e-02
1.617694e-02
1.923704e-02
1.920700e-02
2.036500e-02
1.845813e-02
1.917791e-02
1.640677e-02
1.901793e-02
1.854801e-02
1.861000e-02
1.941609e-02
1.637697e-02
1.862693e-02
1.763511e-02
1.879597e-02
1.897883e-02
1.686502e-02
1.844907e-02
2.023911e-02
2.045894e-02
1.854491e-02
1.938009e-02
1.519012e-02
1.698613e-02
1.658201e-02
1.469898e-02
1.599097e-02
1.508808e-02
1.572895e-02
1.623392e-02
1.702785e-02
1.602197e-02
1.616597e-02
1.923394e-02
1.875591e-02
1.916218e-02
1.831603e-02
1.992011e-02
1.583409e-02
2.030516e-02
1.850915e-02
1.996684e-02
1.929688e-02
1.929712e-02
1.930118e-02
1.814508e-02
2.049494e-02
1.908708e-02
1.798201e-02
3.293514e-02
1.545906e-02
1.859093e-02
2.062798e-02
1.665092e-02
1.795006e-02
1.987815e-02
1.582789e-02
1.846504e-02
1.778102e-02
1.792002e-02
1.679993e-02
1.968002e-02
1.813412e-02
1.713514e-02
1.705480e-02
1.886296e-02
1.954603e-02
1.979017e-02
1.848197e-02
2.050090e-02
1.483488e-02
1.867485e-02
1.962304e-02
2.286315e-02
1.581502e-02
