1.037383e-02
1.033211e-02
1.060200e-02
1.008582e-02
1.006794e-02
1.001191e-02
1.072097e-02
1.003003e-02
1.063800e-02
1.055217e-02
1.025891e-02
1.044703e-02
9.783030e-03
1.028895e-02
1.169205e-02
1.065302e-02
1.043797e-02
1.060605e-02
1.064014e-02
1.056600e-02
1.023388e-02
9.765863e-03
1.029181e-02
1.008487e-02
1.030111e-02
1.088214e-02
1.040792e-02
1.054502e-02
1.045799e-02
1.192904e-02
1.146483e-02
1.038098e-02
1.007700e-02
1.050186e-02
1.001716e-02
9.933949e-03
9.546041e-03
1.021504e-02
1.001000e-02
1.017690e-02
1.050210e-02
9.897947e-03
1.011109e-02
1.011086e-02
1.062298e-02
9.923935e-03
9.932995e-03
9.699106e-03
1.011705e-02
9.906769e-03
1.045489e-02
9.648085e-03
1.045108e-02
1.045704e-02
1.057601e-02
9.802818e-03
1.023197e-02
1.018000e-02
1.003003e-02
1.080608e-02
1.093888e-02
1.064706e-02
1.036191e-02
1.055193e-02
1.067901e-02
1.040196e-02
9.955883e-03
1.010895e-02
1.004696e-02
1.025295e-02
9.815931e-03
1.036787e-02
1.070690e-02
1.012993e-02
1.053190e-02
1.048207e-02
1.075006e-02
1.046610e-02
1.003385e-02
1.053905e-02
1.065397e-02
1.068711e-02
9.972811e-03
1.036620e-02
1.038885e-02
1.058698e-02
1.048613e-02
1.056504e-02
1.029491e-02
9.784937e-03
1.049304e-02
1.063490e-02
1.021504e-02
1.025605e-02
1.031899e-02
9.980202e-03
9.900808e-03
1.038694e-02
1.054192e-02
9.991884e-03
