1.078160e-01
1.033189e-01
1.022961e-01
1.234829e-01
1.180379e-01
1.335089e-01
1.337161e-01
1.456511e-01
1.350522e-01
1.337810e-01
1.275489e-01
1.325340e-01
1.317379e-01
1.463699e-01
1.329901e-01
1.326001e-01
1.333718e-01
1.262751e-01
1.322179e-01
1.274018e-01
1.329370e-01
1.486840e-01
1.456280e-01
1.477852e-01
1.497231e-01
1.444771e-01
1.081870e-01
1.093791e-01
1.174009e-01
1.123269e-01
1.118050e-01
1.262271e-01
1.175740e-01
1.187599e-01
1.265020e-01
1.154959e-01
1.080709e-01
1.121061e-01
1.224370e-01
1.167159e-01
1.261668e-01
1.313779e-01
1.338630e-01
1.293459e-01
1.357419e-01
1.304660e-01
1.310930e-01
1.277452e-01
1.321740e-01
1.309760e-01
1.336350e-01
1.308360e-01
1.250641e-01
1.262729e-01
1.354980e-01
1.277428e-01
1.314230e-01
1.309140e-01
1.418450e-01
1.446779e-01
1.410370e-01
1.420519e-01
1.433771e-01
1.454720e-01
1.455438e-01
1.445832e-01
1.442780e-01
1.440330e-01
1.357570e-01
1.462741e-01
1.466432e-01
1.458280e-01
1.433980e-01
1.449690e-01
1.465380e-01
1.421211e-01
1.550591e-01
1.456800e-01
1.465421e-01
1.459839e-01
1.366990e-01
1.345811e-01
1.341200e-01
1.347139e-01
1.344509e-01
1.290760e-01
1.342740e-01
1.260660e-01
1.166871e-01
1.273079e-01
1.336451e-01
1.288469e-01
1.326542e-01
1.347859e-01
1.364338e-01
1.295030e-01
1.333351e-01
1.288862e-01
1.325130e-01
1.342220e-01
