1.293349e-01
1.117709e-01
1.260350e-01
1.274960e-01
1.205399e-01
1.307480e-01
1.436322e-01
1.334808e-01
1.343331e-01
1.336000e-01
1.327970e-01
1.284499e-01
1.286311e-01
1.366990e-01
1.342981e-01
1.307750e-01
1.286051e-01
1.336021e-01
1.247010e-01
1.322811e-01
1.325240e-01
1.343601e-01
1.328602e-01
1.325681e-01
1.338499e-01
1.439450e-01
1.452880e-01
1.453910e-01
1.456480e-01
1.542301e-01
1.437390e-01
1.423991e-01
1.268051e-01
1.056280e-01
1.269391e-01
1.042218e-01
1.074791e-01
1.333091e-01
1.165149e-01
1.054399e-01
1.333811e-01
1.308041e-01
1.099720e-01
1.121590e-01
1.173410e-01
1.046450e-01
1.324618e-01
1.148102e-01
1.157451e-01
1.038082e-01
1.048381e-01
1.055040e-01
9.856391e-02
1.286092e-01
1.101329e-01
1.266770e-01
1.028590e-01
1.346099e-01
1.312070e-01
1.293831e-01
1.348531e-01
1.412981e-01
1.403382e-01
1.411510e-01
1.505120e-01
1.396599e-01
1.410611e-01
1.398690e-01
1.426499e-01
1.439559e-01
1.392469e-01
1.439650e-01
1.381421e-01
1.398940e-01
1.424060e-01
1.430509e-01
1.420872e-01
1.471369e-01
1.422939e-01
1.381040e-01
1.308210e-01
1.441541e-01
1.505618e-01
1.347508e-01
1.452160e-01
1.359589e-01
1.430168e-01
1.448209e-01
1.416080e-01
1.385810e-01
1.453490e-01
1.404150e-01
1.462591e-01
1.490922e-01
1.397431e-01
1.492391e-01
1.427588e-01
1.423860e-01
1.290770e-01
1.456289e-01
