5.345702e-02
5.530500e-02
6.526184e-02
6.526494e-02
6.006408e-02
6.463313e-02
6.413293e-02
6.393313e-02
6.109309e-02
6.438613e-02
6.481385e-02
6.350899e-02
6.474781e-02
5.446315e-02
6.547403e-02
5.596995e-02
6.319189e-02
6.363797e-02
5.436516e-02
6.036210e-02
6.334782e-02
5.746198e-02
5.622005e-02
6.478906e-02
5.796218e-02
5.885100e-02
6.400108e-02
5.669594e-02
7.046008e-02
6.388021e-02
5.289984e-02
5.369306e-02
5.331683e-02
5.377913e-02
5.307007e-02
5.563712e-02
5.276084e-02
5.244899e-02
6.286693e-02
5.303597e-02
5.363297e-02
5.318403e-02
6.383204e-02
5.056787e-02
5.311704e-02
5.119205e-02
7.788491e-02
5.253482e-02
5.404997e-02
5.471611e-02
5.327010e-02
5.038500e-02
6.332397e-02
5.206299e-02
6.461191e-02
5.184317e-02
5.300498e-02
5.168200e-02
6.268096e-02
5.209708e-02
5.220509e-02
6.468487e-02
5.455995e-02
5.897784e-02
5.141187e-02
5.378604e-02
5.193496e-02
5.458808e-02
6.301999e-02
5.362201e-02
5.422807e-02
5.578613e-02
5.058789e-02
5.171514e-02
5.213022e-02
5.094695e-02
5.060697e-02
5.215192e-02
5.152607e-02
5.345201e-02
5.382586e-02
5.288792e-02
5.254984e-02
5.182910e-02
5.200791e-02
5.063510e-02
5.268693e-02
5.338788e-02
5.126190e-02
4.932499e-02
5.170512e-02
5.158496e-02
5.138898e-02
5.206609e-02
5.406618e-02
5.283499e-02
5.558991e-02
5.092001e-02
5.487704e-02
5.208397e-02
