8.535147e-03
8.136988e-03
8.320808e-03
7.786036e-03
8.386135e-03
9.855986e-03
7.754087e-03
8.378029e-03
8.474112e-03
8.577108e-03
8.341074e-03
8.475065e-03
8.424997e-03
7.616997e-03
8.112907e-03
8.737087e-03
8.404016e-03
8.407831e-03
8.212805e-03
8.660078e-03
8.402824e-03
8.933067e-03
8.628130e-03
8.328915e-03
8.622169e-03
8.610964e-03
8.193016e-03
8.597136e-03
8.014917e-03
8.502007e-03
8.204937e-03
9.577990e-03
1.092100e-02
8.358002e-03
8.201838e-03
8.409977e-03
1.007295e-02
8.529902e-03
8.505106e-03
7.956028e-03
7.697105e-03
8.627892e-03
7.622004e-03
7.966042e-03
8.233070e-03
7.639885e-03
7.836103e-03
8.971930e-03
8.247137e-03
8.188009e-03
8.136034e-03
8.386850e-03
8.718014e-03
8.116961e-03
8.481979e-03
8.303165e-03
8.072138e-03
7.593870e-03
7.652044e-03
8.482933e-03
7.786989e-03
8.411169e-03
8.579969e-03
9.017944e-03
8.584023e-03
8.210897e-03
7.657051e-03
7.672071e-03
7.763147e-03
8.156061e-03
7.717133e-03
8.257866e-03
8.299112e-03
8.153915e-03
7.622957e-03
6.973982e-03
7.051945e-03
7.416964e-03
7.132053e-03
6.973028e-03
7.276058e-03
6.886959e-03
7.277012e-03
7.279158e-03
7.312059e-03
7.379055e-03
7.431984e-03
7.341146e-03
6.554842e-03
6.685019e-03
6.987810e-03
6.550074e-03
7.241011e-03
7.973909e-03
6.692886e-03
8.439064e-03
6.900072e-03
6.697893e-03
6.760120e-03
7.977962e-03
