1.288960e-01
1.334090e-01
1.095929e-01
1.028941e-01
1.312871e-01
1.328769e-01
1.598761e-01
1.272919e-01
1.326599e-01
1.324489e-01
1.276550e-01
1.328149e-01
1.245649e-01
1.368639e-01
1.379309e-01
1.301210e-01
1.291859e-01
1.321771e-01
1.280961e-01
1.288178e-01
1.342361e-01
1.358111e-01
1.425672e-01
1.425619e-01
1.465819e-01
1.433539e-01
1.654401e-01
1.459072e-01
1.415629e-01
1.440630e-01
1.447170e-01
1.449618e-01
1.444089e-01
1.402452e-01
1.463671e-01
1.426229e-01
1.389730e-01
1.442630e-01
1.419270e-01
1.433201e-01
1.422491e-01
1.383879e-01
1.402390e-01
1.428151e-01
1.422191e-01
1.473429e-01
1.460240e-01
1.458189e-01
1.420760e-01
1.421661e-01
1.427498e-01
1.436999e-01
1.426289e-01
1.390002e-01
1.418390e-01
1.451721e-01
1.460321e-01
1.375761e-01
1.450891e-01
1.363821e-01
1.412420e-01
1.332300e-01
1.281271e-01
1.299880e-01
1.302888e-01
1.344600e-01
1.285541e-01
1.312051e-01
1.302621e-01
1.311030e-01
1.282082e-01
1.330791e-01
1.326389e-01
1.311550e-01
1.309619e-01
1.287279e-01
1.334190e-01
1.302910e-01
1.316488e-01
1.350830e-01
1.333091e-01
1.311569e-01
1.302819e-01
1.310709e-01
1.194241e-01
1.273119e-01
1.316271e-01
1.500709e-01
1.320891e-01
1.428530e-01
1.309121e-01
1.428740e-01
1.410232e-01
1.403260e-01
1.443622e-01
1.396191e-01
1.452370e-01
1.415339e-01
1.386900e-01
1.193979e-01
