1.344950e-01
1.342561e-01
1.214471e-01
1.076639e-01
1.344130e-01
1.312101e-01
1.525061e-01
1.255050e-01
1.324840e-01
1.307790e-01
1.192551e-01
1.194582e-01
1.219802e-01
1.229041e-01
1.204069e-01
1.160889e-01
1.291828e-01
1.146948e-01
1.323910e-01
1.100030e-01
1.212969e-01
1.062109e-01
1.100671e-01
1.176002e-01
1.184070e-01
1.087589e-01
1.085808e-01
1.035991e-01
1.030250e-01
1.034429e-01
9.759712e-02
1.014092e-01
1.056290e-01
9.953499e-02
1.033151e-01
9.631300e-02
1.074829e-01
1.032469e-01
1.035461e-01
1.060650e-01
1.012220e-01
1.072049e-01
1.049840e-01
1.044381e-01
1.042280e-01
1.115310e-01
1.038940e-01
1.021149e-01
9.991503e-02
1.004350e-01
9.910488e-02
1.007671e-01
1.024859e-01
9.924793e-02
1.044381e-01
1.049531e-01
1.047521e-01
1.000080e-01
1.016622e-01
1.011522e-01
9.804296e-02
1.026142e-01
9.821296e-02
9.778690e-02
9.904194e-02
1.023471e-01
9.789205e-02
9.227300e-02
9.998393e-02
1.013658e-01
9.548783e-02
9.190488e-02
1.036251e-01
1.068408e-01
1.008651e-01
9.621406e-02
1.083372e-01
1.002719e-01
9.982300e-02
9.355497e-02
1.004591e-01
9.801602e-02
1.018698e-01
1.056249e-01
9.707284e-02
1.023130e-01
1.037800e-01
1.003199e-01
9.606409e-02
1.065538e-01
1.077850e-01
1.079130e-01
1.150119e-01
1.090209e-01
1.171310e-01
1.244569e-01
1.196461e-01
1.180289e-01
1.047468e-01
9.680009e-02
