1.045480e-01
1.092799e-01
1.133330e-01
1.099730e-01
1.060469e-01
1.047339e-01
1.311109e-01
1.398571e-01
1.296489e-01
1.309888e-01
1.335950e-01
1.335840e-01
1.320460e-01
1.329329e-01
1.307361e-01
1.306689e-01
1.277740e-01
1.333721e-01
1.337111e-01
1.341541e-01
1.339111e-01
1.330829e-01
1.309309e-01
1.288788e-01
1.403069e-01
1.369741e-01
1.465161e-01
1.607261e-01
1.403039e-01
1.450121e-01
1.451709e-01
1.443040e-01
1.414721e-01
1.437681e-01
1.483710e-01
1.403270e-01
1.410310e-01
1.441500e-01
1.411180e-01
1.406162e-01
1.402001e-01
1.428471e-01
1.401119e-01
1.418560e-01
1.412332e-01
1.436100e-01
1.424241e-01
1.371210e-01
1.413610e-01
1.413181e-01
1.409318e-01
1.411240e-01
1.346729e-01
1.342089e-01
1.312869e-01
1.306341e-01
1.320550e-01
1.306720e-01
1.285069e-01
1.287739e-01
1.366830e-01
1.317530e-01
1.342571e-01
1.289699e-01
1.312571e-01
1.317639e-01
1.348171e-01
1.399951e-01
1.387711e-01
1.393340e-01
1.374469e-01
1.413941e-01
1.487629e-01
1.407640e-01
1.499250e-01
1.458859e-01
1.405790e-01
1.403430e-01
1.418149e-01
1.466570e-01
1.290410e-01
1.273820e-01
1.284451e-01
1.264060e-01
1.081681e-01
1.058559e-01
1.055439e-01
1.103950e-01
1.203260e-01
1.283321e-01
1.056449e-01
1.114352e-01
1.322620e-01
1.068709e-01
1.085091e-01
1.102381e-01
1.137540e-01
1.206901e-01
1.290491e-01
1.266000e-01
