6.465793e-02
6.561399e-02
6.627202e-02
6.627798e-02
6.508899e-02
6.429410e-02
6.600404e-02
6.477523e-02
6.513214e-02
6.830907e-02
7.033110e-02
7.404208e-02
7.204294e-02
6.681991e-02
6.535220e-02
6.565309e-02
5.578709e-02
5.877399e-02
5.687594e-02
5.926895e-02
6.707001e-02
6.339502e-02
6.144810e-02
6.030607e-02
6.074905e-02
6.451392e-02
5.469608e-02
5.760908e-02
5.447888e-02
5.461788e-02
5.264688e-02
5.404186e-02
5.372000e-02
5.399799e-02
5.314398e-02
5.312610e-02
5.604506e-02
5.241513e-02
5.364203e-02
5.020189e-02
5.430603e-02
7.354808e-02
5.316114e-02
5.053997e-02
5.200005e-02
5.490494e-02
5.513501e-02
5.248404e-02
5.222797e-02
5.875802e-02
5.308390e-02
5.464697e-02
5.195498e-02
5.566502e-02
5.106711e-02
5.574489e-02
5.289793e-02
5.173802e-02
5.564809e-02
5.408192e-02
5.279207e-02
5.195308e-02
5.161405e-02
5.054903e-02
5.423689e-02
5.619502e-02
5.620098e-02
5.557513e-02
5.283189e-02
5.195808e-02
5.361199e-02
5.239797e-02
5.337501e-02
5.188203e-02
5.422592e-02
5.334401e-02
5.457401e-02
5.312800e-02
5.521083e-02
5.390787e-02
5.481601e-02
5.608606e-02
5.157995e-02
5.209494e-02
5.338597e-02
5.475307e-02
5.367994e-02
5.558395e-02
5.305910e-02
5.954313e-02
5.302310e-02
5.485487e-02
5.701995e-02
6.327200e-02
5.414104e-02
5.136704e-02
6.454802e-02
5.365205e-02
6.488419e-02
6.118417e-02
