1.563692e-02
1.874304e-02
2.005506e-02
1.978517e-02
1.927805e-02
1.743007e-02
1.479697e-02
1.531005e-02
2.058101e-02
1.769590e-02
1.809096e-02
1.903200e-02
2.047300e-02
2.005601e-02
1.686597e-02
1.982307e-02
1.720691e-02
1.663995e-02
1.626611e-02
1.543307e-02
1.570797e-02
1.485896e-02
1.823497e-02
1.617217e-02
1.719093e-02
1.784396e-02
1.650620e-02
1.476097e-02
1.619697e-02
1.748395e-02
1.597190e-02
1.622415e-02
1.710200e-02
1.602197e-02
1.628590e-02
1.564312e-02
1.790404e-02
1.489115e-02
1.493502e-02
1.671600e-02
1.426792e-02
1.503611e-02
1.561713e-02
1.464009e-02
1.583219e-02
1.604700e-02
1.599717e-02
1.634693e-02
1.765513e-02
1.457191e-02
1.727605e-02
1.664996e-02
1.587987e-02
1.529789e-02
1.489997e-02
1.627493e-02
1.860380e-02
1.630187e-02
1.659393e-02
1.580119e-02
1.551199e-02
2.568603e-02
1.722193e-02
1.615691e-02
1.635408e-02
1.627612e-02
1.552200e-02
1.524591e-02
1.684809e-02
1.566386e-02
1.544094e-02
1.672912e-02
1.561689e-02
1.480818e-02
1.677513e-02
1.699305e-02
1.807094e-02
1.695704e-02
1.737309e-02
1.574779e-02
1.634693e-02
1.633501e-02
1.626897e-02
1.752210e-02
1.726413e-02
1.640010e-02
1.619101e-02
2.448392e-02
1.679897e-02
1.750422e-02
1.623392e-02
1.732492e-02
1.737499e-02
1.669502e-02
1.827192e-02
1.547384e-02
1.815701e-02
1.717401e-02
1.662803e-02
1.516700e-02
