1.659894e-02
1.723289e-02
1.709294e-02
1.639104e-02
1.607990e-02
1.744795e-02
1.605606e-02
1.664305e-02
1.786399e-02
1.682305e-02
1.673889e-02
1.650691e-02
1.700997e-02
1.531100e-02
1.708317e-02
1.619601e-02
1.814890e-02
1.757407e-02
1.644588e-02
1.821017e-02
1.679015e-02
1.586199e-02
1.663208e-02
1.749802e-02
1.728797e-02
1.612401e-02
1.705503e-02
1.830006e-02
1.824093e-02
1.837397e-02
2.045393e-02
2.080202e-02
1.906419e-02
2.086782e-02
2.000690e-02
1.961303e-02
2.034020e-02
1.943207e-02
1.961207e-02
1.832318e-02
2.352595e-02
1.935196e-02
1.905704e-02
1.811314e-02
1.943612e-02
1.911712e-02
1.911092e-02
2.153897e-02
2.069092e-02
2.043509e-02
2.026606e-02
1.988411e-02
2.004099e-02
2.017212e-02
2.065420e-02
2.059984e-02
2.114892e-02
2.013803e-02
1.932502e-02
2.000809e-02
1.932597e-02
2.095819e-02
2.098393e-02
2.071285e-02
2.007103e-02
2.014995e-02
2.012682e-02
2.063012e-02
2.403498e-02
1.942611e-02
2.102208e-02
1.876593e-02
2.095485e-02
1.811004e-02
1.661491e-02
1.609683e-02
1.657701e-02
1.718688e-02
1.636386e-02
1.671791e-02
1.778412e-02
1.665783e-02
1.670814e-02
1.700807e-02
1.687407e-02
1.691890e-02
1.649618e-02
1.735401e-02
1.689911e-02
1.725292e-02
1.713705e-02
1.661801e-02
1.676393e-02
1.642609e-02
1.699090e-02
1.636600e-02
1.690602e-02
1.725817e-02
1.659584e-02
1.654196e-02
