7.442307e-02
7.700896e-02
7.654095e-02
7.561994e-02
8.012605e-02
7.101607e-02
6.772208e-02
6.627798e-02
6.742120e-02
6.704998e-02
6.773806e-02
6.679797e-02
6.744409e-02
6.638789e-02
6.570101e-02
6.296992e-02
6.651306e-02
6.147909e-02
6.713700e-02
5.294609e-02
6.636596e-02
5.198812e-02
5.486608e-02
5.170107e-02
6.224418e-02
5.600190e-02
5.784202e-02
6.030107e-02
5.549812e-02
5.507708e-02
5.708814e-02
5.155015e-02
5.417705e-02
5.302691e-02
5.223894e-02
5.496693e-02
5.370212e-02
5.288315e-02
5.604601e-02
5.239320e-02
5.174708e-02
5.196810e-02
5.527306e-02
5.282807e-02
5.454993e-02
5.464911e-02
7.880187e-02
5.214214e-02
5.600691e-02
5.325890e-02
5.551004e-02
5.316210e-02
5.769300e-02
5.140495e-02
5.220294e-02
5.457711e-02
5.453801e-02
5.356312e-02
5.611300e-02
5.512691e-02
5.688000e-02
5.235815e-02
7.402587e-02
5.306387e-02
5.463505e-02
5.431199e-02
5.203700e-02
5.102181e-02
5.370188e-02
5.244613e-02
5.482101e-02
5.656314e-02
5.762601e-02
5.606413e-02
5.509710e-02
5.614209e-02
6.273985e-02
5.928016e-02
5.570197e-02
5.482101e-02
5.132198e-02
5.477691e-02
5.447102e-02
5.568099e-02
5.445910e-02
6.433010e-02
5.688596e-02
5.710006e-02
5.659699e-02
5.343413e-02
6.430888e-02
5.091906e-02
5.204201e-02
5.704403e-02
5.802894e-02
5.400085e-02
5.253196e-02
5.214906e-02
5.158901e-02
6.576180e-02
