1.181140e-01
1.181591e-01
1.269431e-01
1.073270e-01
1.127372e-01
1.073952e-01
1.280458e-01
1.332099e-01
1.046469e-01
1.274900e-01
1.181500e-01
1.334171e-01
1.340799e-01
1.430569e-01
1.466520e-01
1.429019e-01
1.437969e-01
1.428919e-01
1.442471e-01
1.470010e-01
1.433020e-01
1.334219e-01
1.373808e-01
1.410401e-01
1.452241e-01
1.429310e-01
1.400149e-01
1.479630e-01
1.431291e-01
1.432559e-01
1.446331e-01
1.402750e-01
1.445210e-01
1.448328e-01
1.461899e-01
1.436949e-01
1.467371e-01
1.409369e-01
1.439888e-01
1.416030e-01
1.379261e-01
1.338341e-01
1.433570e-01
1.437640e-01
1.418929e-01
1.391270e-01
1.303561e-01
1.353781e-01
1.370299e-01
1.283569e-01
1.191101e-01
1.285181e-01
1.147289e-01
1.197810e-01
1.058931e-01
8.541799e-02
1.063311e-01
1.108508e-01
1.188610e-01
1.167769e-01
9.992290e-02
1.045258e-01
1.048319e-01
1.117651e-01
1.122999e-01
1.158690e-01
1.128619e-01
1.031020e-01
1.084709e-01
9.908295e-02
9.538102e-02
9.468794e-02
9.693289e-02
9.988618e-02
9.860611e-02
9.989715e-02
9.859395e-02
9.635782e-02
8.567595e-02
8.916593e-02
1.074162e-01
8.725810e-02
9.670901e-02
9.738708e-02
9.585190e-02
9.987402e-02
9.716892e-02
8.801222e-02
9.838390e-02
9.500694e-02
9.142399e-02
9.489489e-02
9.712982e-02
9.274387e-02
8.913493e-02
8.824611e-02
9.461594e-02
9.299898e-02
9.615302e-02
1.051321e-01
