1.294804e-02
1.149201e-02
1.288390e-02
1.152682e-02
1.165700e-02
1.249003e-02
1.219893e-02
1.309395e-02
1.059818e-02
1.032495e-02
9.740114e-03
9.120941e-03
8.388042e-03
8.665085e-03
8.728027e-03
9.089947e-03
8.460999e-03
9.448051e-03
9.837866e-03
8.808136e-03
8.809090e-03
8.573055e-03
8.816957e-03
9.201050e-03
8.636951e-03
9.881973e-03
9.827137e-03
8.877993e-03
9.745836e-03
9.027004e-03
9.540081e-03
9.485006e-03
9.556055e-03
1.064897e-02
7.289886e-03
8.805990e-03
8.562803e-03
1.035690e-02
1.009202e-02
1.024508e-02
1.031685e-02
9.622097e-03
1.008701e-02
1.054001e-02
1.017404e-02
9.851933e-03
9.516954e-03
9.788036e-03
9.974957e-03
9.845018e-03
1.017213e-02
1.005793e-02
1.069808e-02
7.118940e-03
1.006699e-02
1.131105e-02
1.063299e-02
8.671999e-03
1.323509e-02
1.335502e-02
1.270914e-02
1.267695e-02
1.157093e-02
1.266289e-02
1.357484e-02
1.172614e-02
1.293302e-02
1.300406e-02
1.308608e-02
1.212192e-02
1.243997e-02
9.287834e-03
1.276493e-02
1.195097e-02
9.389877e-03
1.213789e-02
1.237106e-02
1.281810e-02
8.867025e-03
1.137805e-02
1.348281e-02
1.253796e-02
1.218104e-02
1.344919e-02
1.297402e-02
1.204515e-02
1.267195e-02
1.285195e-02
9.733915e-03
1.259303e-02
1.223516e-02
9.046078e-03
1.294994e-02
1.186204e-02
8.234024e-03
1.293802e-02
1.215696e-02
8.703947e-03
1.265383e-02
1.275682e-02
