9.078979e-03
8.197069e-03
9.438992e-03
9.079933e-03
9.102106e-03
8.664846e-03
9.253979e-03
8.311033e-03
9.365797e-03
8.767128e-03
9.086132e-03
9.537935e-03
9.191990e-03
8.452892e-03
8.740902e-03
8.995056e-03
9.588003e-03
9.093046e-03
8.446932e-03
8.906126e-03
9.117126e-03
8.226871e-03
9.350061e-03
8.905888e-03
8.428812e-03
9.263992e-03
8.704901e-03
8.468866e-03
8.867025e-03
9.367943e-03
8.747101e-03
1.505089e-02
8.666039e-03
8.614063e-03
9.782076e-03
8.781910e-03
8.897066e-03
8.321047e-03
9.125948e-03
9.196043e-03
9.363890e-03
9.159803e-03
9.240866e-03
8.988142e-03
8.395910e-03
1.052594e-02
9.078026e-03
9.474993e-03
9.175062e-03
9.291887e-03
9.052992e-03
8.974075e-03
9.096861e-03
9.087801e-03
9.467125e-03
8.996964e-03
9.297132e-03
8.751869e-03
9.113073e-03
9.214878e-03
9.242773e-03
8.847952e-03
9.644032e-03
9.037971e-03
9.005070e-03
8.131981e-03
9.159088e-03
9.068966e-03
9.046078e-03
1.312017e-02
1.299500e-02
1.319504e-02
8.339882e-03
1.281285e-02
1.260495e-02
8.563042e-03
1.319718e-02
1.339912e-02
1.162291e-02
1.354098e-02
8.749962e-03
1.329684e-02
1.328683e-02
9.116173e-03
1.168680e-02
1.172209e-02
1.256585e-02
9.008884e-03
9.021997e-03
1.270914e-02
1.358604e-02
1.285410e-02
8.728027e-03
1.358581e-02
1.255488e-02
1.284981e-02
1.339507e-02
8.323908e-03
1.307106e-02
1.144099e-02
