1.073980e-01
1.118801e-01
1.067572e-01
1.033499e-01
1.293190e-01
1.139369e-01
1.047778e-01
1.570940e-01
1.187768e-01
1.048470e-01
1.101401e-01
1.317878e-01
1.169260e-01
1.314969e-01
1.339650e-01
1.324539e-01
1.287210e-01
1.338680e-01
1.103458e-01
1.345451e-01
1.333621e-01
1.332319e-01
1.411180e-01
1.424499e-01
1.437352e-01
1.346679e-01
1.442618e-01
1.444838e-01
1.412799e-01
1.522791e-01
1.456659e-01
1.466851e-01
1.374080e-01
1.444471e-01
1.432221e-01
1.417260e-01
1.422231e-01
1.429648e-01
1.388969e-01
1.430809e-01
1.414430e-01
1.378951e-01
1.426001e-01
1.450639e-01
1.453450e-01
1.440849e-01
1.489081e-01
1.351922e-01
1.443729e-01
1.427011e-01
1.440909e-01
1.409161e-01
1.366460e-01
1.408081e-01
1.328399e-01
1.338201e-01
1.363800e-01
1.340580e-01
1.369958e-01
1.348491e-01
1.324270e-01
1.342220e-01
1.347501e-01
1.393921e-01
1.362860e-01
1.371779e-01
1.339250e-01
1.347730e-01
1.372368e-01
1.467421e-01
1.336989e-01
1.348941e-01
1.346691e-01
1.347370e-01
1.358449e-01
1.335120e-01
1.341760e-01
1.352530e-01
1.370611e-01
1.341910e-01
1.345630e-01
1.325741e-01
1.334639e-01
1.368949e-01
1.350679e-01
1.388299e-01
1.332350e-01
1.373050e-01
1.360071e-01
1.362228e-01
1.369820e-01
1.345210e-01
1.336451e-01
1.350381e-01
1.352379e-01
1.352479e-01
1.346588e-01
1.343291e-01
1.384020e-01
1.352930e-01
