1.695013e-02
1.613784e-02
1.773715e-02
1.751709e-02
1.670003e-02
1.634288e-02
1.758695e-02
1.811504e-02
1.843095e-02
1.591182e-02
1.752305e-02
1.660204e-02
1.730895e-02
1.697016e-02
1.811790e-02
1.778007e-02
1.577187e-02
1.748490e-02
1.676702e-02
1.501608e-02
1.593494e-02
1.706600e-02
1.608801e-02
1.744604e-02
1.635408e-02
1.741099e-02
1.675415e-02
1.561379e-02
1.717281e-02
1.728201e-02
1.640701e-02
1.619697e-02
1.609492e-02
1.808000e-02
1.587200e-02
1.743388e-02
1.691198e-02
1.557493e-02
1.669717e-02
1.624990e-02
1.954103e-02
1.732302e-02
1.663494e-02
1.672411e-02
1.627016e-02
1.677895e-02
1.533794e-02
1.720715e-02
1.721787e-02
1.728892e-02
1.635313e-02
1.747704e-02
1.762700e-02
1.710200e-02
1.674604e-02
1.771307e-02
1.643085e-02
1.797891e-02
1.884508e-02
1.865292e-02
1.979899e-02
1.900101e-02
1.973104e-02
2.034521e-02
1.641202e-02
1.964211e-02
2.010107e-02
1.934600e-02
1.684403e-02
1.989794e-02
1.992893e-02
1.929092e-02
2.050400e-02
1.665783e-02
1.565194e-02
2.548409e-02
1.632786e-02
1.986885e-02
1.504207e-02
1.825905e-02
1.606607e-02
1.944613e-02
1.852608e-02
1.869917e-02
1.777005e-02
1.883817e-02
2.039194e-02
1.527500e-02
1.957798e-02
1.980901e-02
2.017713e-02
1.977301e-02
1.988792e-02
1.919699e-02
1.710796e-02
1.816893e-02
1.843786e-02
1.840901e-02
1.926613e-02
2.624989e-02
