9.150982e-03
9.928942e-03
9.846926e-03
1.004410e-02
1.002908e-02
9.692907e-03
1.015306e-02
1.037192e-02
1.030397e-02
9.414911e-03
1.056004e-02
1.010299e-02
9.927988e-03
9.669065e-03
9.437084e-03
9.840965e-03
1.055193e-02
9.349108e-03
1.081014e-02
1.039004e-02
9.597063e-03
1.004195e-02
1.047802e-02
1.047087e-02
1.098299e-02
1.083994e-02
9.757996e-03
1.004887e-02
1.058388e-02
1.087403e-02
1.110411e-02
9.902000e-03
9.748936e-03
9.685993e-03
1.892686e-02
1.071596e-02
1.175499e-02
1.211715e-02
9.866953e-03
9.657860e-03
9.840012e-03
1.078701e-02
1.037908e-02
1.046205e-02
9.948969e-03
1.018190e-02
9.653807e-03
9.706020e-03
9.645939e-03
1.022911e-02
9.807110e-03
9.696007e-03
9.988070e-03
9.629011e-03
9.619951e-03
1.003313e-02
9.852171e-03
1.020789e-02
9.814978e-03
9.466887e-03
1.074100e-02
9.797096e-03
1.028800e-02
9.773016e-03
1.024413e-02
1.008105e-02
9.705067e-03
9.806871e-03
9.608984e-03
1.055717e-02
9.885073e-03
9.957075e-03
9.639025e-03
1.030493e-02
9.646893e-03
1.052690e-02
1.007295e-02
1.006985e-02
9.785175e-03
1.046586e-02
1.034904e-02
1.000190e-02
9.674072e-03
9.804964e-03
9.729147e-03
9.907007e-03
9.994984e-03
9.582996e-03
1.004100e-02
1.019692e-02
1.110387e-02
1.008391e-02
1.039386e-02
1.107907e-02
9.931803e-03
1.095390e-02
1.077604e-02
1.126719e-02
1.005197e-02
1.037192e-02
