7.094812e-02
7.559609e-02
7.591510e-02
7.421303e-02
7.217097e-02
7.007217e-02
6.720614e-02
6.313920e-02
6.575394e-02
5.882406e-02
6.560707e-02
6.603193e-02
6.006408e-02
6.514382e-02
6.524682e-02
6.312203e-02
6.406498e-02
6.504488e-02
6.600308e-02
5.964708e-02
6.606984e-02
6.595683e-02
6.399202e-02
6.455398e-02
6.490993e-02
6.469202e-02
6.374216e-02
6.238008e-02
6.357384e-02
6.407118e-02
6.404901e-02
6.504011e-02
6.210089e-02
6.038499e-02
6.361198e-02
7.517099e-02
5.761290e-02
6.431198e-02
6.120205e-02
5.681705e-02
5.947495e-02
5.564690e-02
6.391311e-02
6.474304e-02
5.898499e-02
5.925703e-02
5.842900e-02
6.364703e-02
6.198287e-02
5.887508e-02
5.722785e-02
5.702496e-02
5.968189e-02
5.661702e-02
5.738592e-02
5.786514e-02
5.645299e-02
5.575109e-02
5.347180e-02
6.493306e-02
6.064200e-02
5.770087e-02
5.604315e-02
5.637884e-02
6.013393e-02
5.661011e-02
5.810499e-02
5.582905e-02
5.503798e-02
5.560684e-02
5.426502e-02
5.583382e-02
5.832911e-02
6.445622e-02
5.730391e-02
5.940390e-02
6.271100e-02
6.159997e-02
5.247998e-02
5.158901e-02
5.561709e-02
5.783010e-02
5.492306e-02
6.086087e-02
5.794001e-02
5.812907e-02
5.875111e-02
5.862999e-02
5.531311e-02
5.667400e-02
5.578804e-02
5.814219e-02
6.242204e-02
6.181717e-02
5.447602e-02
5.625701e-02
5.694890e-02
5.754590e-02
6.038713e-02
6.524396e-02
