1.641512e-02
1.738000e-02
1.562905e-02
1.663303e-02
1.724410e-02
1.622105e-02
1.611209e-02
1.712990e-02
1.702189e-02
1.715708e-02
1.596189e-02
1.639104e-02
1.754880e-02
1.619816e-02
1.695395e-02
1.692080e-02
1.677799e-02
1.610518e-02
1.548505e-02
1.591015e-02
1.681685e-02
1.681209e-02
1.756310e-02
1.615286e-02
1.921988e-02
2.071691e-02
2.090597e-02
2.269411e-02
2.026010e-02
2.067804e-02
1.998401e-02
1.929879e-02
1.768494e-02
1.689601e-02
1.693106e-02
1.705503e-02
1.561689e-02
1.668596e-02
1.786304e-02
1.778102e-02
1.730323e-02
1.641607e-02
1.656199e-02
1.694703e-02
1.720285e-02
1.706505e-02
1.793194e-02
1.575398e-02
1.651216e-02
1.630020e-02
1.672602e-02
1.569295e-02
1.553893e-02
1.584220e-02
1.620913e-02
1.656914e-02
1.773095e-02
1.849198e-02
1.805711e-02
2.004504e-02
2.081609e-02
1.867104e-02
2.096987e-02
1.784205e-02
1.868510e-02
1.980615e-02
2.117205e-02
1.921201e-02
1.945996e-02
1.836801e-02
1.893997e-02
1.841092e-02
2.154207e-02
2.220798e-02
1.975107e-02
2.019286e-02
1.849794e-02
1.973987e-02
1.999617e-02
1.903081e-02
2.075100e-02
2.098894e-02
1.959705e-02
1.877308e-02
1.980591e-02
1.845193e-02
1.872396e-02
2.186799e-02
1.924610e-02
2.152300e-02
2.053690e-02
1.901889e-02
2.054000e-02
2.019715e-02
2.116203e-02
1.888490e-02
2.984715e-02
1.908493e-02
2.180409e-02
2.214384e-02
