1.503181e-02
1.366305e-02
1.415801e-02
1.425600e-02
1.499987e-02
1.760292e-02
1.525998e-02
1.881194e-02
1.921892e-02
2.006006e-02
1.868892e-02
2.025890e-02
1.662111e-02
1.613903e-02
2.037120e-02
2.263594e-02
1.584911e-02
1.898003e-02
1.590300e-02
1.610589e-02
1.603293e-02
1.558590e-02
1.567793e-02
1.546502e-02
1.408792e-02
1.429510e-02
1.586485e-02
1.605082e-02
1.596904e-02
1.409006e-02
1.618409e-02
1.490498e-02
1.532388e-02
1.606297e-02
1.569390e-02
1.433516e-02
1.380396e-02
1.483798e-02
1.553798e-02
1.350594e-02
1.443005e-02
1.582909e-02
1.432204e-02
1.581788e-02
1.285577e-02
1.420808e-02
1.458097e-02
1.385808e-02
1.473904e-02
1.314712e-02
1.525998e-02
1.267099e-02
1.525187e-02
1.576209e-02
1.547098e-02
1.454806e-02
1.319289e-02
1.426911e-02
1.514482e-02
1.352191e-02
1.605296e-02
1.514101e-02
1.328707e-02
1.597404e-02
1.351595e-02
1.467586e-02
1.417804e-02
1.633716e-02
1.437402e-02
1.417899e-02
1.556706e-02
1.605201e-02
1.461983e-02
1.522899e-02
1.595902e-02
1.383400e-02
1.389289e-02
1.488113e-02
1.413393e-02
1.411295e-02
1.391602e-02
1.610804e-02
1.530600e-02
1.756191e-02
1.467896e-02
1.651001e-02
1.665711e-02
1.685596e-02
1.584601e-02
1.635313e-02
1.580811e-02
1.600695e-02
1.490188e-02
1.566720e-02
1.645517e-02
1.735115e-02
1.403689e-02
1.550508e-02
1.425695e-02
1.620412e-02
