1.607084e-02
1.604986e-02
1.536393e-02
1.715207e-02
1.623797e-02
1.572299e-02
1.555109e-02
1.563597e-02
1.571083e-02
1.570392e-02
1.534390e-02
1.550388e-02
1.769805e-02
1.661587e-02
1.587105e-02
1.576900e-02
1.544309e-02
1.583600e-02
1.627398e-02
1.575089e-02
1.520491e-02
1.500893e-02
1.615596e-02
1.453805e-02
1.678801e-02
1.628494e-02
1.479602e-02
1.583791e-02
1.541686e-02
1.439118e-02
1.618004e-02
1.634002e-02
1.496696e-02
1.473308e-02
1.553893e-02
1.517797e-02
1.552200e-02
1.614094e-02
1.602697e-02
1.548409e-02
1.566601e-02
1.592898e-02
1.766992e-02
1.549602e-02
1.506495e-02
1.716399e-02
1.635504e-02
1.626801e-02
1.580310e-02
1.575303e-02
1.573992e-02
1.519394e-02
1.577091e-02
1.721096e-02
1.721191e-02
1.528192e-02
1.543307e-02
1.635003e-02
1.631093e-02
1.584697e-02
1.532984e-02
1.648092e-02
1.744795e-02
1.502419e-02
1.566792e-02
2.182221e-02
1.642609e-02
1.734614e-02
1.538086e-02
1.685405e-02
1.476884e-02
1.573706e-02
1.597404e-02
1.539207e-02
1.463199e-02
1.525283e-02
1.611900e-02
1.611304e-02
1.557708e-02
1.695609e-02
1.668692e-02
1.531601e-02
1.574397e-02
1.577902e-02
1.540494e-02
1.708317e-02
1.649404e-02
1.568508e-02
1.572299e-02
1.602411e-02
1.624894e-02
1.566887e-02
1.553798e-02
1.585102e-02
1.306319e-02
1.540899e-02
1.513410e-02
1.548719e-02
1.447606e-02
1.238108e-02
