9.706020e-03
8.343935e-03
8.476019e-03
9.289026e-03
8.405924e-03
8.654118e-03
8.360863e-03
8.995056e-03
9.695053e-03
6.706953e-03
9.673119e-03
9.124994e-03
8.388042e-03
8.780956e-03
9.073019e-03
6.399155e-03
8.329868e-03
8.478880e-03
9.684086e-03
8.350849e-03
9.269953e-03
9.352922e-03
1.039195e-02
8.019924e-03
8.882999e-03
8.608103e-03
6.742954e-03
8.194923e-03
7.442951e-03
7.493019e-03
9.441853e-03
7.636786e-03
8.471012e-03
9.521008e-03
7.390976e-03
7.061958e-03
8.084059e-03
7.091999e-03
1.037908e-02
8.440018e-03
8.851051e-03
8.406162e-03
8.108854e-03
1.019001e-02
8.333206e-03
9.091854e-03
7.207870e-03
7.606983e-03
9.757996e-03
1.008487e-02
9.909868e-03
8.419991e-03
8.430958e-03
8.381128e-03
8.919001e-03
8.520842e-03
6.966114e-03
7.202864e-03
7.910013e-03
9.449959e-03
1.074696e-02
1.022506e-02
1.057100e-02
9.283066e-03
1.027799e-02
1.108694e-02
1.071191e-02
9.985924e-03
9.764910e-03
9.773970e-03
9.052992e-03
9.838820e-03
9.856939e-03
9.828091e-03
7.851124e-03
1.013017e-02
9.655952e-03
8.178949e-03
8.753061e-03
9.007215e-03
9.449005e-03
1.039600e-02
9.890079e-03
9.867191e-03
9.613991e-03
8.346081e-03
9.828091e-03
1.009703e-02
8.137941e-03
9.434938e-03
9.835958e-03
8.953810e-03
9.251118e-03
9.176016e-03
9.442091e-03
8.180857e-03
8.985043e-03
8.275986e-03
1.010990e-02
9.297132e-03
