6.751204e-02
6.101894e-02
6.050086e-02
6.276608e-02
5.954504e-02
5.894494e-02
5.788803e-02
7.102394e-02
6.014419e-02
5.839086e-02
6.454992e-02
5.866694e-02
5.600595e-02
5.871511e-02
6.687808e-02
6.583214e-02
6.760502e-02
6.827188e-02
6.380486e-02
6.697106e-02
6.910515e-02
6.790805e-02
6.679606e-02
6.773901e-02
6.756306e-02
6.869483e-02
6.982493e-02
6.885695e-02
6.823397e-02
6.844592e-02
6.970406e-02
7.066298e-02
7.061481e-02
7.023191e-02
6.803107e-02
6.647897e-02
6.717205e-02
6.718802e-02
6.128311e-02
6.481481e-02
5.970883e-02
8.587408e-02
6.188488e-02
6.130099e-02
6.670308e-02
6.138992e-02
5.527616e-02
6.641197e-02
6.457305e-02
6.653881e-02
6.477690e-02
6.070399e-02
6.694698e-02
7.145000e-02
6.294608e-02
5.382609e-02
6.634092e-02
5.914211e-02
5.915904e-02
6.206393e-02
5.585003e-02
5.729198e-02
6.870198e-02
5.544209e-02
6.112409e-02
5.086899e-02
6.695700e-02
5.348587e-02
5.618501e-02
5.673981e-02
5.901504e-02
6.523204e-02
5.917597e-02
6.636810e-02
6.511998e-02
5.662394e-02
6.218696e-02
6.148815e-02
5.465317e-02
5.473089e-02
5.070710e-02
5.585504e-02
6.243396e-02
5.525613e-02
5.771208e-02
5.163383e-02
5.294895e-02
6.663203e-02
6.041408e-02
5.973196e-02
5.435705e-02
5.800581e-02
5.441499e-02
5.792117e-02
5.737281e-02
5.461502e-02
5.757093e-02
6.713080e-02
6.716204e-02
5.999994e-02
