9.716988e-03
8.980989e-03
8.780003e-03
9.131193e-03
8.471966e-03
8.187056e-03
8.215904e-03
8.512020e-03
6.917000e-03
8.033037e-03
7.484913e-03
8.675814e-03
8.594990e-03
7.230997e-03
7.952929e-03
6.711960e-03
8.121967e-03
7.489920e-03
8.476973e-03
6.922960e-03
7.230043e-03
8.303881e-03
9.097099e-03
7.808924e-03
8.293867e-03
8.701801e-03
7.089138e-03
8.476973e-03
7.230997e-03
8.532047e-03
8.160114e-03
9.281874e-03
1.045012e-02
9.865999e-03
1.055908e-02
1.935196e-02
1.123500e-02
1.048684e-02
1.068997e-02
7.492065e-03
1.074100e-02
7.969141e-03
1.012611e-02
7.997990e-03
9.910107e-03
1.014495e-02
7.166862e-03
9.851217e-03
7.560015e-03
9.824991e-03
7.210016e-03
9.761095e-03
7.149935e-03
7.148027e-03
1.125598e-02
7.352114e-03
8.227825e-03
7.232189e-03
1.111817e-02
7.378101e-03
9.025097e-03
8.016109e-03
8.410931e-03
1.135206e-02
1.173496e-02
1.174617e-02
1.190901e-02
1.354909e-02
1.183796e-02
1.305199e-02
1.223397e-02
1.194406e-02
1.199412e-02
1.217604e-02
1.178908e-02
1.255393e-02
1.038504e-02
1.010418e-02
8.219004e-03
9.733915e-03
9.154081e-03
8.882999e-03
9.472132e-03
9.125948e-03
9.292126e-03
8.383989e-03
9.567022e-03
8.639097e-03
8.472919e-03
8.742809e-03
7.595062e-03
9.548187e-03
8.428812e-03
8.618832e-03
9.757996e-03
7.414103e-03
1.050711e-02
9.650946e-03
9.122133e-03
8.453846e-03
