1.679397e-02
1.663017e-02
1.646495e-02
1.619196e-02
1.635098e-02
1.597309e-02
1.613998e-02
1.643205e-02
1.640701e-02
1.726222e-02
1.834702e-02
1.561594e-02
1.578999e-02
1.668000e-02
1.722097e-02
1.610398e-02
1.612091e-02
1.603198e-02
1.655602e-02
1.623297e-02
1.620293e-02
1.676297e-02
1.632380e-02
1.589894e-02
1.732397e-02
1.647305e-02
1.555896e-02
1.607513e-02
1.594806e-02
1.708889e-02
1.654315e-02
1.608610e-02
1.643300e-02
1.580000e-02
1.606703e-02
1.644397e-02
1.540589e-02
1.646495e-02
1.682496e-02
1.636887e-02
1.532984e-02
1.756287e-02
1.670194e-02
1.608706e-02
1.580191e-02
1.786494e-02
1.751113e-02
1.583219e-02
1.639891e-02
1.692510e-02
1.771998e-02
1.666784e-02
1.846910e-02
1.621103e-02
1.551294e-02
1.706910e-02
1.642013e-02
1.635790e-02
1.556182e-02
1.776600e-02
1.594305e-02
1.592398e-02
1.669598e-02
1.653004e-02
1.763010e-02
1.725411e-02
1.766181e-02
1.624799e-02
1.594114e-02
1.709795e-02
1.651692e-02
1.610208e-02
1.585102e-02
1.607180e-02
1.630187e-02
1.646900e-02
1.941895e-02
1.631999e-02
1.904106e-02
1.621795e-02
1.567602e-02
1.585293e-02
1.719093e-02
1.630807e-02
1.952100e-02
1.927400e-02
2.076793e-02
2.108884e-02
1.949310e-02
2.051997e-02
1.938701e-02
1.978397e-02
2.012086e-02
1.989007e-02
1.898217e-02
1.989388e-02
1.877284e-02
1.861000e-02
1.973605e-02
1.978278e-02
