1.175904e-02
1.205993e-02
1.189780e-02
1.145291e-02
1.177311e-02
1.162219e-02
1.202917e-02
1.141500e-02
1.139379e-02
1.196313e-02
1.150107e-02
1.194692e-02
1.145720e-02
1.173615e-02
1.166391e-02
1.196289e-02
1.154995e-02
1.174212e-02
1.194811e-02
1.208901e-02
1.174283e-02
1.159620e-02
1.171589e-02
1.217389e-02
1.169300e-02
1.158690e-02
1.158881e-02
2.097702e-02
1.724482e-02
1.248693e-02
1.166391e-02
1.176906e-02
1.227808e-02
1.203394e-02
1.162982e-02
1.083803e-02
1.157093e-02
1.198888e-02
1.176906e-02
1.260686e-02
1.165795e-02
1.073503e-02
1.203799e-02
1.202393e-02
1.196384e-02
1.170802e-02
1.191092e-02
1.178908e-02
1.185107e-02
1.169109e-02
1.183009e-02
1.191783e-02
1.162195e-02
1.189518e-02
1.146793e-02
1.187396e-02
1.218104e-02
1.179600e-02
1.204300e-02
1.227403e-02
1.140285e-02
1.151299e-02
1.159596e-02
1.156497e-02
1.185703e-02
1.174402e-02
1.135898e-02
1.174498e-02
1.187181e-02
1.239705e-02
1.213598e-02
1.202202e-02
1.214409e-02
1.209903e-02
1.262593e-02
1.151299e-02
1.188707e-02
1.191878e-02
1.163507e-02
1.193619e-02
1.221204e-02
1.236200e-02
1.176310e-02
1.155114e-02
1.038694e-02
1.014185e-02
9.042978e-03
9.293079e-03
9.268045e-03
9.470940e-03
9.653091e-03
1.002908e-02
8.951902e-03
9.179115e-03
9.952784e-03
9.303093e-03
9.958029e-03
9.283781e-03
9.668112e-03
9.444952e-03
