6.902909e-02
7.214785e-02
7.153797e-02
6.998110e-02
7.442713e-02
6.868005e-02
6.908202e-02
7.142210e-02
6.583190e-02
6.531096e-02
6.405401e-02
6.411004e-02
6.648207e-02
6.300402e-02
6.322289e-02
5.818605e-02
6.458592e-02
5.929995e-02
6.612897e-02
5.687809e-02
6.462097e-02
7.610583e-02
6.366706e-02
5.566311e-02
5.491686e-02
5.437398e-02
5.375600e-02
6.488609e-02
5.455017e-02
5.602002e-02
6.412721e-02
5.410004e-02
5.115986e-02
6.216097e-02
6.751895e-02
5.622911e-02
6.042314e-02
6.436801e-02
6.062007e-02
7.557917e-02
6.243801e-02
6.268001e-02
5.556178e-02
6.567907e-02
5.609083e-02
5.308509e-02
5.377007e-02
5.519199e-02
6.433201e-02
6.685996e-02
6.627393e-02
6.462193e-02
7.032609e-02
6.542397e-02
6.554604e-02
6.579614e-02
6.236482e-02
6.410694e-02
6.265306e-02
6.266117e-02
6.554008e-02
6.057620e-02
6.360102e-02
6.210804e-02
6.640911e-02
5.916619e-02
5.557585e-02
5.582500e-02
6.095004e-02
5.689812e-02
5.663610e-02
6.436491e-02
5.397987e-02
5.427909e-02
5.483699e-02
6.398296e-02
5.373812e-02
5.442715e-02
5.151701e-02
5.547214e-02
5.522990e-02
5.397177e-02
5.608201e-02
5.530500e-02
6.320119e-02
5.887103e-02
6.418109e-02
6.527519e-02
6.293702e-02
5.939317e-02
5.817986e-02
6.208205e-02
5.321598e-02
6.392407e-02
5.504704e-02
5.928993e-02
5.498695e-02
5.091119e-02
5.079198e-02
4.982209e-02
