1.501989e-02
1.557016e-02
1.435685e-02
1.673794e-02
1.887202e-02
1.893187e-02
1.805115e-02
2.073312e-02
1.934385e-02
1.748896e-02
1.666903e-02
1.955509e-02
1.774502e-02
1.829314e-02
1.810002e-02
1.496005e-02
1.791191e-02
1.872492e-02
1.760101e-02
2.500701e-02
1.762795e-02
1.855993e-02
1.609683e-02
1.739693e-02
1.842999e-02
1.945019e-02
1.882792e-02
1.578903e-02
1.760292e-02
1.700497e-02
1.552606e-02
1.753712e-02
1.726604e-02
1.869798e-02
1.870418e-02
1.897907e-02
1.495790e-02
1.809812e-02
1.775813e-02
1.498199e-02
1.744223e-02
1.891017e-02
1.553106e-02
1.812887e-02
1.810408e-02
1.777697e-02
1.889110e-02
1.780486e-02
1.492310e-02
1.765299e-02
1.928496e-02
1.821995e-02
1.858091e-02
1.760292e-02
1.817083e-02
1.892185e-02
1.488400e-02
1.823997e-02
1.799917e-02
1.951218e-02
1.944304e-02
1.971197e-02
1.818085e-02
1.728797e-02
1.831388e-02
1.849794e-02
1.590896e-02
1.623201e-02
1.458693e-02
1.845813e-02
1.546597e-02
1.924396e-02
1.424313e-02
1.867700e-02
1.768494e-02
1.753902e-02
1.765394e-02
1.897001e-02
1.998997e-02
1.979303e-02
1.806092e-02
1.896381e-02
1.853609e-02
1.943707e-02
1.796103e-02
1.781201e-02
1.960707e-02
1.979089e-02
1.767302e-02
1.847100e-02
1.723909e-02
1.686502e-02
1.830196e-02
1.967883e-02
1.701903e-02
1.487994e-02
1.735997e-02
1.478004e-02
1.871490e-02
1.813507e-02
