7.189989e-03
7.244825e-03
8.952141e-03
8.554220e-03
8.401155e-03
7.706165e-03
7.085085e-03
7.933140e-03
8.424044e-03
8.090019e-03
7.250071e-03
7.293940e-03
7.694006e-03
8.464098e-03
7.514000e-03
7.941008e-03
7.336855e-03
7.769108e-03
7.321835e-03
7.650137e-03
8.412123e-03
7.449865e-03
6.534100e-03
7.899046e-03
7.884979e-03
7.628202e-03
7.570028e-03
8.399963e-03
8.503914e-03
7.036924e-03
7.664204e-03
7.565022e-03
7.120848e-03
7.539034e-03
8.946180e-03
7.382870e-03
8.453846e-03
6.458044e-03
7.172108e-03
6.841898e-03
7.105112e-03
7.359982e-03
8.566141e-03
7.632017e-03
6.325006e-03
7.936954e-03
8.267879e-03
8.022070e-03
6.370068e-03
7.512093e-03
8.424044e-03
7.655859e-03
6.362200e-03
7.171869e-03
7.154942e-03
7.037878e-03
8.379936e-03
8.234978e-03
8.567095e-03
7.318974e-03
7.992029e-03
7.019043e-03
7.159948e-03
7.034779e-03
7.498980e-03
7.261992e-03
7.699013e-03
7.583857e-03
7.055044e-03
7.107019e-03
7.256031e-03
7.521152e-03
7.559061e-03
7.448196e-03
8.220196e-03
8.160114e-03
7.723093e-03
7.572889e-03
7.318974e-03
7.239103e-03
7.044077e-03
7.011175e-03
7.086039e-03
7.172108e-03
7.107019e-03
7.616997e-03
7.165909e-03
7.224083e-03
7.910967e-03
7.076025e-03
8.921862e-03
7.251978e-03
8.588791e-03
8.194923e-03
8.816004e-03
8.090973e-03
7.157087e-03
8.504868e-03
7.198811e-03
7.688999e-03
