1.117992e-02
8.507967e-03
8.780956e-03
1.165104e-02
1.301599e-02
1.172900e-02
8.791924e-03
1.196504e-02
1.117682e-02
8.452892e-03
1.111817e-02
1.175094e-02
9.237766e-03
1.305604e-02
1.107979e-02
1.228619e-02
1.301003e-02
8.540154e-03
1.298594e-02
1.059699e-02
7.996082e-03
1.028299e-02
1.088595e-02
1.258397e-02
1.199603e-02
1.166892e-02
1.132202e-02
1.197004e-02
1.534104e-02
1.235700e-02
9.361029e-03
1.343083e-02
1.190495e-02
1.115108e-02
8.432150e-03
1.328278e-02
1.142383e-02
1.473498e-02
1.298594e-02
1.035404e-02
8.666039e-03
1.327109e-02
1.237702e-02
1.196098e-02
8.178949e-03
1.262808e-02
1.138806e-02
8.557081e-03
1.200008e-02
1.127410e-02
1.169109e-02
1.214480e-02
1.133919e-02
1.206994e-02
8.403063e-03
8.915186e-03
1.307797e-02
1.120400e-02
1.175117e-02
1.327801e-02
8.080006e-03
1.195788e-02
1.113105e-02
8.682966e-03
1.178885e-02
1.273298e-02
8.639097e-03
1.334310e-02
1.255488e-02
8.547068e-03
1.164794e-02
8.305073e-03
1.024389e-02
1.014209e-02
1.090598e-02
8.373022e-03
1.239204e-02
1.120400e-02
1.078320e-02
1.113200e-02
1.172495e-02
7.829189e-03
1.226997e-02
1.179814e-02
8.589029e-03
7.812977e-03
1.212001e-02
1.164103e-02
8.583069e-03
1.342297e-02
1.177001e-02
8.617163e-03
8.716822e-03
1.210284e-02
1.049399e-02
1.066208e-02
1.230001e-02
1.117086e-02
1.154804e-02
1.208806e-02
