1.365495e-02
1.424599e-02
1.451111e-02
1.491499e-02
1.668787e-02
1.462698e-02
1.578999e-02
1.460695e-02
1.484799e-02
1.466298e-02
1.630497e-02
1.487207e-02
1.692414e-02
1.393604e-02
1.577592e-02
1.682806e-02
1.588392e-02
1.787496e-02
1.488495e-02
1.547003e-02
1.574612e-02
1.404595e-02
1.276898e-02
1.456809e-02
1.695395e-02
1.416898e-02
1.509380e-02
1.543593e-02
1.561379e-02
1.634884e-02
1.316094e-02
1.400399e-02
1.712680e-02
1.300001e-02
1.328707e-02
1.346898e-02
1.321697e-02
1.342916e-02
1.443911e-02
1.438594e-02
1.348519e-02
1.541805e-02
1.373816e-02
1.407409e-02
1.409793e-02
1.654601e-02
1.438212e-02
1.536989e-02
1.367497e-02
1.346803e-02
1.402712e-02
1.574898e-02
1.448512e-02
1.612210e-02
1.460218e-02
1.563287e-02
1.535702e-02
1.525593e-02
1.627898e-02
1.651192e-02
1.518488e-02
1.826215e-02
1.430893e-02
1.517415e-02
1.619101e-02
1.416898e-02
2.524805e-02
1.583195e-02
1.577210e-02
1.535702e-02
1.529098e-02
1.569605e-02
1.418090e-02
1.718712e-02
1.717210e-02
1.604891e-02
1.664209e-02
1.582384e-02
1.659393e-02
1.579690e-02
1.512194e-02
1.616311e-02
1.712203e-02
1.620913e-02
1.703191e-02
1.663589e-02
1.782703e-02
1.652694e-02
1.527095e-02
1.564813e-02
1.458383e-02
1.662111e-02
1.737690e-02
1.580095e-02
1.501107e-02
1.419997e-02
1.614404e-02
1.577306e-02
1.775098e-02
1.582599e-02
