1.041441e-01
1.033499e-01
1.127911e-01
1.009970e-01
1.043990e-01
1.272092e-01
1.070530e-01
1.020730e-01
1.188319e-01
1.308610e-01
1.058531e-01
1.281660e-01
1.079481e-01
1.282809e-01
1.296461e-01
1.144931e-01
1.225159e-01
1.204309e-01
1.288722e-01
1.310289e-01
1.321931e-01
1.296420e-01
1.267838e-01
1.292560e-01
1.295879e-01
1.132600e-01
1.318920e-01
1.312339e-01
1.304829e-01
1.292131e-01
1.275480e-01
1.286352e-01
1.330619e-01
1.297839e-01
1.313002e-01
1.296110e-01
1.457150e-01
1.435468e-01
1.436570e-01
1.405590e-01
1.451931e-01
1.465271e-01
1.416790e-01
1.444499e-01
1.399219e-01
1.438289e-01
1.403780e-01
1.438670e-01
1.390200e-01
1.463490e-01
1.267660e-01
1.244950e-01
1.319559e-01
1.263120e-01
1.280260e-01
1.322470e-01
1.334321e-01
1.330061e-01
1.290522e-01
1.325731e-01
1.432362e-01
1.458869e-01
1.398990e-01
1.457200e-01
1.363730e-01
1.387620e-01
1.329408e-01
1.331451e-01
1.346200e-01
1.341598e-01
1.339042e-01
1.355920e-01
1.358721e-01
1.341169e-01
1.325150e-01
1.130569e-01
1.354270e-01
1.349761e-01
1.360030e-01
1.390340e-01
1.341100e-01
1.349092e-01
1.352539e-01
1.341009e-01
1.364050e-01
1.330979e-01
1.374421e-01
1.360550e-01
1.370530e-01
1.379781e-01
1.350830e-01
1.327851e-01
1.342130e-01
1.323280e-01
1.425550e-01
1.352341e-01
1.365860e-01
1.313560e-01
1.354709e-01
1.333151e-01
