1.598406e-02
1.566195e-02
1.660419e-02
1.699996e-02
1.635909e-02
1.420593e-02
1.665711e-02
1.543188e-02
1.552796e-02
1.578522e-02
1.453185e-02
1.643610e-02
1.394296e-02
1.610899e-02
1.544499e-02
1.662898e-02
1.506495e-02
1.592779e-02
1.556993e-02
1.623988e-02
1.413202e-02
1.598287e-02
1.413393e-02
1.672292e-02
1.371288e-02
1.641011e-02
1.591396e-02
1.502204e-02
1.576495e-02
1.516914e-02
1.439404e-02
1.542902e-02
1.615095e-02
1.394796e-02
1.583099e-02
1.574993e-02
1.547098e-02
1.651406e-02
1.615405e-02
1.651812e-02
1.573491e-02
1.652312e-02
1.688719e-02
1.649404e-02
1.621819e-02
1.509404e-02
1.724291e-02
1.564407e-02
1.590204e-02
1.672888e-02
1.701903e-02
1.731014e-02
1.458597e-02
1.719713e-02
1.740503e-02
2.256513e-02
1.679993e-02
1.726723e-02
1.584506e-02
1.882100e-02
2.059698e-02
1.517701e-02
1.767015e-02
1.850605e-02
2.043700e-02
2.033687e-02
2.078795e-02
1.660991e-02
1.920199e-02
1.896596e-02
1.916695e-02
2.074289e-02
1.992202e-02
1.835895e-02
1.938009e-02
1.833200e-02
2.026606e-02
1.910996e-02
1.470399e-02
2.075505e-02
1.578593e-02
1.905584e-02
2.070999e-02
1.953602e-02
1.998091e-02
1.669097e-02
1.806998e-02
1.880693e-02
1.965690e-02
1.769400e-02
1.931500e-02
2.006292e-02
1.770711e-02
1.969314e-02
1.913404e-02
1.605892e-02
1.907611e-02
1.943588e-02
1.954103e-02
1.893377e-02
