1.513004e-02
1.555705e-02
1.996398e-02
2.052021e-02
2.003407e-02
1.898408e-02
2.067399e-02
1.537108e-02
1.878500e-02
1.997185e-02
1.872611e-02
1.573086e-02
1.916909e-02
1.886511e-02
2.094197e-02
1.680112e-02
1.894403e-02
1.794410e-02
1.643300e-02
2.181101e-02
1.681089e-02
1.499987e-02
1.549697e-02
1.839495e-02
1.930904e-02
1.895690e-02
2.025080e-02
1.553488e-02
1.932502e-02
1.955104e-02
2.086902e-02
2.033305e-02
2.031398e-02
1.835084e-02
1.852703e-02
2.074504e-02
1.913285e-02
2.046013e-02
1.823115e-02
1.891589e-02
1.893997e-02
1.937914e-02
2.013493e-02
1.881599e-02
1.543903e-02
1.858902e-02
1.861405e-02
1.951504e-02
1.862979e-02
1.863098e-02
1.837087e-02
1.823807e-02
1.853013e-02
1.740289e-02
1.962185e-02
1.879215e-02
2.856994e-02
1.978087e-02
1.892996e-02
1.714301e-02
1.685786e-02
1.542401e-02
1.443315e-02
1.534986e-02
1.409793e-02
1.445699e-02
1.491594e-02
1.562786e-02
1.410890e-02
1.613498e-02
1.649809e-02
1.609206e-02
1.543689e-02
1.466799e-02
1.667404e-02
1.515818e-02
1.433516e-02
1.565409e-02
1.517081e-02
1.517200e-02
1.332498e-02
1.489997e-02
1.585507e-02
1.534414e-02
1.273394e-02
1.599312e-02
1.414680e-02
1.621294e-02
1.527500e-02
1.554298e-02
1.588202e-02
1.529813e-02
1.632905e-02
1.604486e-02
1.604104e-02
1.575112e-02
1.593590e-02
1.685405e-02
1.605701e-02
1.588416e-02
