7.091403e-02
7.291007e-02
7.259297e-02
7.370210e-02
7.675290e-02
8.592582e-02
7.325888e-02
7.957292e-02
7.665110e-02
7.535505e-02
7.937193e-02
7.574892e-02
6.929708e-02
6.905413e-02
6.750393e-02
6.823421e-02
6.822801e-02
6.657910e-02
6.889796e-02
6.606507e-02
6.696105e-02
6.200600e-02
6.770110e-02
6.616688e-02
6.409502e-02
6.134295e-02
6.061697e-02
6.432915e-02
6.789112e-02
6.901503e-02
6.906009e-02
6.382394e-02
6.881022e-02
6.587791e-02
6.731701e-02
6.817913e-02
6.387711e-02
6.269789e-02
6.089997e-02
6.465387e-02
6.035113e-02
6.602216e-02
8.467007e-02
6.568384e-02
6.597495e-02
6.401396e-02
6.566596e-02
5.494690e-02
6.463003e-02
6.497693e-02
6.528187e-02
5.812979e-02
6.621099e-02
5.995202e-02
6.470609e-02
6.782007e-02
6.383204e-02
6.770182e-02
5.474210e-02
6.762910e-02
5.726099e-02
5.793214e-02
6.560111e-02
5.943799e-02
5.562115e-02
5.799294e-02
5.335999e-02
6.771994e-02
5.366302e-02
5.651903e-02
6.583190e-02
5.472302e-02
5.725312e-02
6.055093e-02
5.372310e-02
5.268598e-02
5.380821e-02
5.575609e-02
5.460691e-02
5.423403e-02
5.366802e-02
5.707002e-02
5.443716e-02
5.406117e-02
5.498099e-02
6.262016e-02
5.294609e-02
5.807900e-02
6.271505e-02
6.956911e-02
5.474401e-02
6.759405e-02
5.885696e-02
6.626797e-02
6.415296e-02
6.536508e-02
6.464410e-02
6.230092e-02
6.069589e-02
6.701589e-02
