6.605411e-02
6.931591e-02
6.658101e-02
6.775808e-02
6.723404e-02
6.598401e-02
6.803989e-02
6.948686e-02
7.311010e-02
6.680703e-02
6.415009e-02
6.840587e-02
6.728601e-02
6.684208e-02
6.683016e-02
6.629086e-02
6.508303e-02
6.709409e-02
7.046103e-02
6.632113e-02
6.499004e-02
6.635094e-02
6.371093e-02
6.451583e-02
6.245899e-02
6.226301e-02
5.839801e-02
6.811714e-02
6.380391e-02
6.766987e-02
5.497599e-02
5.637789e-02
6.732392e-02
6.024599e-02
6.780100e-02
5.621696e-02
5.796695e-02
7.256222e-02
5.648303e-02
5.614305e-02
5.607414e-02
6.288505e-02
7.319403e-02
6.694794e-02
5.950284e-02
6.668901e-02
5.595994e-02
5.261707e-02
5.263114e-02
6.458879e-02
5.405903e-02
6.615686e-02
5.325580e-02
6.658792e-02
6.261611e-02
6.820917e-02
5.333996e-02
5.337906e-02
5.419707e-02
5.382609e-02
5.553102e-02
5.445194e-02
5.603909e-02
5.256295e-02
5.541801e-02
5.242896e-02
5.699897e-02
5.277014e-02
5.390000e-02
5.564809e-02
5.340314e-02
5.285811e-02
5.361390e-02
5.856109e-02
5.247283e-02
6.762791e-02
5.753398e-02
5.795288e-02
5.553412e-02
6.585813e-02
6.653380e-02
6.218386e-02
5.827284e-02
6.415510e-02
5.908990e-02
5.771613e-02
6.203699e-02
5.862117e-02
6.623507e-02
5.401492e-02
6.252217e-02
6.511307e-02
6.204891e-02
6.713414e-02
6.506920e-02
6.711197e-02
6.680202e-02
6.504893e-02
6.559610e-02
6.653714e-02
