1.003385e-02
1.021004e-02
1.026487e-02
1.028705e-02
9.490967e-03
9.443045e-03
9.981871e-03
9.616137e-03
9.999037e-03
1.003098e-02
9.690046e-03
9.519815e-03
9.122133e-03
9.905100e-03
1.013899e-02
9.862185e-03
1.028204e-02
8.388042e-03
1.039100e-02
9.454012e-03
9.944916e-03
1.000905e-02
1.000285e-02
9.958982e-03
9.896994e-03
9.988070e-03
9.562969e-03
1.003885e-02
9.999037e-03
9.500027e-03
1.011586e-02
8.437157e-03
9.114027e-03
9.415150e-03
9.931087e-03
1.138377e-02
1.048589e-02
9.916067e-03
9.184122e-03
9.586096e-03
9.499073e-03
1.220989e-02
1.026988e-02
1.028395e-02
1.029181e-02
1.042986e-02
9.899855e-03
1.063085e-02
1.009107e-02
1.003695e-02
1.035786e-02
9.874105e-03
9.907007e-03
1.015496e-02
1.037097e-02
1.046586e-02
1.060414e-02
1.057482e-02
1.061201e-02
1.035786e-02
1.037693e-02
1.018000e-02
1.042295e-02
1.027393e-02
9.625912e-03
1.017213e-02
1.011205e-02
1.037288e-02
8.240938e-03
1.023722e-02
9.651184e-03
1.303601e-02
1.043701e-02
1.103902e-02
1.018906e-02
1.019692e-02
1.302600e-02
1.019192e-02
1.019287e-02
9.260178e-03
1.023507e-02
9.495020e-03
1.002502e-02
1.051211e-02
9.351015e-03
9.446144e-03
1.019502e-02
1.111507e-02
9.756088e-03
9.690046e-03
1.047206e-02
9.572029e-03
1.091194e-02
1.047397e-02
9.323835e-03
1.053309e-02
9.739876e-03
1.044583e-02
1.015997e-02
9.249926e-03
