7.746887e-02
7.295394e-02
7.212996e-02
7.151794e-02
6.407285e-02
6.240606e-02
7.299399e-02
6.619692e-02
6.326008e-02
6.054807e-02
5.995703e-02
6.089902e-02
6.710601e-02
6.788516e-02
6.582785e-02
6.530786e-02
6.979704e-02
6.623006e-02
6.543207e-02
6.767583e-02
6.767702e-02
6.754112e-02
6.057501e-02
5.757785e-02
6.536293e-02
5.471611e-02
5.358911e-02
5.468321e-02
5.875087e-02
6.236005e-02
5.943608e-02
5.954313e-02
5.862308e-02
5.521917e-02
5.305505e-02
5.419302e-02
6.055093e-02
5.451703e-02
5.207801e-02
5.964208e-02
5.676985e-02
5.785394e-02
6.098413e-02
5.783296e-02
6.494999e-02
5.566692e-02
5.883503e-02
5.552697e-02
8.593202e-02
6.124496e-02
5.810714e-02
5.932593e-02
6.257081e-02
5.365705e-02
5.982518e-02
5.511594e-02
5.948114e-02
5.724096e-02
5.740213e-02
5.801702e-02
5.682397e-02
8.597803e-02
5.922914e-02
5.456305e-02
6.454110e-02
5.826211e-02
6.157994e-02
5.600691e-02
6.787896e-02
5.991793e-02
5.688190e-02
5.294991e-02
5.333996e-02
6.512213e-02
5.858397e-02
5.841613e-02
5.689502e-02
5.926108e-02
5.147195e-02
5.371499e-02
5.402589e-02
5.784893e-02
5.673790e-02
5.850887e-02
5.804992e-02
5.820394e-02
6.634617e-02
6.323195e-02
5.983400e-02
6.152892e-02
6.777215e-02
6.683803e-02
6.301808e-02
6.833792e-02
6.512904e-02
6.257892e-02
6.297898e-02
6.723094e-02
6.677294e-02
6.597710e-02
